Selection	View	Channel	Begin Time (s)	End Time (s)	Low Freq (Hz)	High Freq (Hz)	Max Freq (Hz)	Call Type	Energy Diff	Energy Par	Energy Diff (wl)	Energy Par (wl)	AHR	Exception
1	Spectrogram 1	1	69.460000	69.500000	4000.000000	18000.000000	8000.000000	Trill	7.343421	12.782060	NaN	NaN	53.328623	0.000000
2	Spectrogram 1	1	76.450000	76.900000	4000.000000	18000.000000	8000.000000	Trill	9.962152	15.468038	NaN	NaN	68.847117	0.000000
3	Spectrogram 1	1	200.960000	201.340000	4000.000000	18000.000000	8000.000000	Trill	12.784642	18.202986	NaN	NaN	99.418400	0.000000
4	Spectrogram 1	1	231.620000	231.840000	4000.000000	18000.000000	8000.000000	Trill	10.780403	18.108084	NaN	NaN	84.232885	0.000000
5	Spectrogram 1	1	290.340000	290.900000	4000.000000	18000.000000	8000.000000	Trill	10.237655	14.353230	NaN	NaN	84.435460	0.000000
6	Spectrogram 1	1	291.000000	291.060000	4000.000000	18000.000000	8000.000000	Trill	7.759787	10.431550	NaN	NaN	67.717867	0.000000
7	Spectrogram 1	1	309.720000	309.760000	4000.000000	18000.000000	8000.000000	Trill	10.386610	12.264137	NaN	NaN	58.724710	0.000000
8	Spectrogram 1	1	310.420000	310.460000	4000.000000	18000.000000	8000.000000	Twitter	10.031985	17.288257	NaN	NaN	41.391420	0.000000
9	Spectrogram 1	1	310.670000	310.710000	4000.000000	18000.000000	8000.000000	Twitter	11.684851	17.891780	NaN	NaN	58.429604	0.000000
10	Spectrogram 1	1	310.790000	310.840000	4000.000000	18000.000000	8000.000000	Trill	7.797324	13.449349	NaN	NaN	61.769451	0.000000
11	Spectrogram 1	1	323.300000	323.450000	4000.000000	18000.000000	8000.000000	Trill	8.541057	12.246142	NaN	NaN	43.502117	0.000000
12	Spectrogram 1	1	395.640000	395.810000	4000.000000	18000.000000	8000.000000	Trill	9.788843	16.042784	NaN	NaN	89.668878	0.000000
13	Spectrogram 1	1	395.890000	395.920000	4000.000000	18000.000000	8000.000000	Twitter	7.981299	10.250539	NaN	NaN	47.628078	0.000000
14	Spectrogram 1	1	434.950000	435.180000	4000.000000	18000.000000	8000.000000	Trill	11.904625	20.797754	NaN	NaN	105.036546	0.000000
15	Spectrogram 1	1	435.230000	435.290000	4000.000000	18000.000000	8000.000000	Trill	9.557922	15.613688	NaN	NaN	81.328636	0.000000
16	Spectrogram 1	1	451.930000	452.140000	4000.000000	18000.000000	8000.000000	Trill	7.049198	13.064171	NaN	NaN	69.199603	0.000000
17	Spectrogram 1	1	467.120000	467.180000	4000.000000	18000.000000	8000.000000	Trill	7.833855	12.921794	NaN	NaN	69.012884	0.000000
18	Spectrogram 1	1	484.880000	484.970000	4000.000000	18000.000000	8000.000000	Trill	11.199953	14.999067	NaN	NaN	78.684321	0.000000
19	Spectrogram 1	1	636.620000	636.650000	4000.000000	18000.000000	8000.000000	Trill	9.223896	10.569936	NaN	NaN	42.495413	0.000000
20	Spectrogram 1	1	725.060000	725.750000	4000.000000	18000.000000	8000.000000	Trillphee	7.741132	19.145260	NaN	NaN	94.315021	0.000000
21	Spectrogram 1	1	788.170000	788.530000	4000.000000	18000.000000	8000.000000	Trill	11.380128	18.756806	NaN	NaN	107.057331	0.000000
22	Spectrogram 1	1	790.310000	790.350000	4000.000000	18000.000000	8000.000000	Trillphee	10.083262	19.504100	NaN	NaN	112.920873	0.000000
23	Spectrogram 1	1	992.710000	993.160000	4000.000000	18000.000000	8000.000000	Trill	10.409112	17.693640	NaN	NaN	68.156564	0.000000
24	Spectrogram 1	1	993.520000	993.580000	4000.000000	18000.000000	8000.000000	Phee	11.443983	10.758989	NaN	NaN	40.022092	0.000000
25	Spectrogram 1	1	997.490000	997.540000	4000.000000	18000.000000	8000.000000	Trillphee	12.444241	11.974964	NaN	NaN	34.737743	0.000000
26	Spectrogram 1	1	1105.050000	1105.120000	4000.000000	18000.000000	8000.000000	Trill	12.807876	17.712534	NaN	NaN	85.546050	0.000000
27	Spectrogram 1	1	1105.230000	1105.290000	4000.000000	18000.000000	8000.000000	Phee	12.930544	14.722728	NaN	NaN	86.245802	0.000000
28	Spectrogram 1	1	1554.030000	1554.440000	4000.000000	18000.000000	8000.000000	Trill	7.078509	14.423668	NaN	NaN	64.028044	0.000000
29	Spectrogram 1	1	1674.900000	1675.170000	4000.000000	18000.000000	8000.000000	Trill	8.948169	16.050474	NaN	NaN	75.286985	0.000000
30	Spectrogram 1	1	1935.100000	1935.130000	4000.000000	18000.000000	8000.000000	Twitter	10.452822	18.285953	NaN	NaN	71.272165	0.000000
31	Spectrogram 1	1	2245.210000	2245.460000	4000.000000	18000.000000	8000.000000	Trill	8.543633	13.201326	NaN	NaN	77.062824	0.000000
32	Spectrogram 1	1	2308.090000	2308.390000	4000.000000	18000.000000	8000.000000	Trill	9.259047	18.358442	NaN	NaN	94.043913	0.000000
33	Spectrogram 1	1	2318.840000	2318.900000	4000.000000	18000.000000	8000.000000	Twitter	9.199502	17.882478	NaN	NaN	83.470836	0.000000
34	Spectrogram 1	1	2325.600000	2325.770000	4000.000000	18000.000000	8000.000000	Trill	10.350430	19.464208	NaN	NaN	104.894562	0.000000
35	Spectrogram 1	1	2325.860000	2325.910000	4000.000000	18000.000000	8000.000000	Trill	8.384457	17.002958	NaN	NaN	98.612932	0.000000
36	Spectrogram 1	1	2373.550000	2373.800000	4000.000000	18000.000000	8000.000000	Trill	8.079150	13.219048	NaN	NaN	62.248915	0.000000
37	Spectrogram 1	1	2407.510000	2407.740000	4000.000000	18000.000000	8000.000000	Trill	10.914555	17.617771	NaN	NaN	101.245692	0.000000
38	Spectrogram 1	1	2423.490000	2424.140000	4000.000000	18000.000000	8000.000000	Trillphee	7.069189	16.854381	NaN	NaN	98.570987	0.000000
39	Spectrogram 1	1	2510.890000	2510.950000	4000.000000	18000.000000	8000.000000	Trill	7.311261	10.043152	NaN	NaN	58.853829	0.000000
40	Spectrogram 1	1	2577.020000	2577.070000	4000.000000	18000.000000	8000.000000	Trillphee	7.047963	10.937534	NaN	NaN	76.417199	0.000000
41	Spectrogram 1	1	2586.300000	2586.430000	4000.000000	18000.000000	8000.000000	Trill	7.787457	15.049119	NaN	NaN	95.977281	0.000000
42	Spectrogram 1	1	2662.870000	2663.310000	4000.000000	18000.000000	8000.000000	Trill	8.473808	14.085106	NaN	NaN	80.077993	0.000000
43	Spectrogram 1	1	2665.270000	2665.330000	4000.000000	18000.000000	8000.000000	Trill	9.180512	13.129887	NaN	NaN	91.693293	0.000000
44	Spectrogram 1	1	2682.200000	2682.380000	4000.000000	18000.000000	8000.000000	Trill	7.974825	10.441739	NaN	NaN	59.825535	0.000000
45	Spectrogram 1	1	2684.390000	2684.430000	4000.000000	18000.000000	8000.000000	Trill	7.467565	9.481313	NaN	NaN	64.503416	0.000000
46	Spectrogram 1	1	2685.110000	2685.170000	4000.000000	18000.000000	8000.000000	Trill	7.506574	10.383535	NaN	NaN	77.474212	0.000000
47	Spectrogram 1	1	2686.450000	2686.500000	4000.000000	18000.000000	8000.000000	Trill	9.725850	12.946982	NaN	NaN	88.433974	0.000000
48	Spectrogram 1	1	2689.180000	2689.240000	4000.000000	18000.000000	8000.000000	Trill	7.687052	12.714835	NaN	NaN	88.326588	0.000000
49	Spectrogram 1	1	2755.130000	2755.240000	4000.000000	18000.000000	8000.000000	Twitter	10.899354	15.120656	NaN	NaN	81.055256	0.000000
50	Spectrogram 1	1	2755.290000	2755.410000	4000.000000	18000.000000	8000.000000	Trill	7.469936	11.916263	NaN	NaN	72.759126	0.000000
51	Spectrogram 1	1	2874.160000	2874.600000	4000.000000	18000.000000	8000.000000	Trill	9.363597	16.999469	NaN	NaN	101.567162	0.000000
52	Spectrogram 1	1	2908.510000	2908.560000	4000.000000	18000.000000	8000.000000	Twitter	7.542803	16.612328	NaN	NaN	59.614951	0.000000
53	Spectrogram 1	1	2909.230000	2909.280000	4000.000000	18000.000000	8000.000000	Twitter	9.477066	17.112451	NaN	NaN	94.334231	0.000000
54	Spectrogram 1	1	2924.140000	2924.400000	4000.000000	18000.000000	8000.000000	Trill	13.649378	18.575158	NaN	NaN	120.647485	0.000000
55	Spectrogram 1	1	2969.500000	2969.720000	4000.000000	18000.000000	8000.000000	Trill	11.039490	19.515546	NaN	NaN	108.085140	0.000000
56	Spectrogram 1	1	3127.160000	3127.550000	4000.000000	18000.000000	8000.000000	Trill	9.276515	16.549353	NaN	NaN	91.948127	0.000000
57	Spectrogram 1	1	3154.030000	3154.110000	4000.000000	18000.000000	8000.000000	Trill	7.605705	11.930443	NaN	NaN	54.930702	0.000000
58	Spectrogram 1	1	3193.720000	3193.990000	4000.000000	18000.000000	8000.000000	Trill	9.425910	18.112443	NaN	NaN	100.094386	0.000000
59	Spectrogram 1	1	3431.770000	3431.820000	4000.000000	18000.000000	8000.000000	Trill	8.556489	11.971052	NaN	NaN	63.524821	0.000000
60	Spectrogram 1	1	3437.840000	3437.900000	4000.000000	18000.000000	8000.000000	Trill	8.225111	11.726957	NaN	NaN	59.454014	0.000000
61	Spectrogram 1	1	3633.860000	3633.920000	4000.000000	18000.000000	8000.000000	Trill	7.569809	13.187205	NaN	NaN	62.325371	0.000000
62	Spectrogram 1	1	3638.630000	3638.930000	4000.000000	18000.000000	8000.000000	Trill	10.546378	14.028278	NaN	NaN	76.799692	0.000000
63	Spectrogram 1	1	3641.790000	3642.170000	4000.000000	18000.000000	8000.000000	Trill	9.751947	15.694758	NaN	NaN	95.636886	0.000000
64	Spectrogram 1	1	3643.990000	3644.040000	4000.000000	18000.000000	8000.000000	Phee	9.571320	19.863293	NaN	NaN	108.945760	0.000000
65	Spectrogram 1	1	3723.110000	3723.160000	4000.000000	18000.000000	8000.000000	Twitter	7.635749	18.648158	NaN	NaN	56.721889	0.000000
66	Spectrogram 1	1	3723.240000	3723.290000	4000.000000	18000.000000	8000.000000	Twitter	7.094981	14.949404	NaN	NaN	55.773827	0.000000
67	Spectrogram 1	1	3750.880000	3751.410000	4000.000000	18000.000000	8000.000000	Trill	11.983714	19.505804	NaN	NaN	107.983148	0.000000
68	Spectrogram 1	1	3760.790000	3760.980000	4000.000000	18000.000000	8000.000000	Trill	9.469545	13.666318	NaN	NaN	81.506494	0.000000
69	Spectrogram 1	1	3810.400000	3810.590000	4000.000000	18000.000000	8000.000000	Trill	9.114273	18.335791	NaN	NaN	95.161523	0.000000
70	Spectrogram 1	1	3810.680000	3810.710000	4000.000000	18000.000000	8000.000000	Twitter	8.210262	16.291770	NaN	NaN	62.642880	0.000000
71	Spectrogram 1	1	3908.780000	3908.890000	4000.000000	18000.000000	8000.000000	Twitter	11.113969	18.924864	NaN	NaN	92.111547	0.000000
72	Spectrogram 1	1	3999.820000	3999.860000	4000.000000	18000.000000	8000.000000	Phee	10.122861	12.074178	NaN	NaN	35.705605	0.000000
73	Spectrogram 1	1	4115.720000	4116.050000	4000.000000	18000.000000	8000.000000	Trill	9.152949	16.903020	NaN	NaN	87.902120	0.000000
74	Spectrogram 1	1	4127.420000	4127.830000	4000.000000	18000.000000	8000.000000	Trill	7.861978	14.341732	NaN	NaN	73.703543	0.000000
75	Spectrogram 1	1	4139.440000	4139.960000	4000.000000	18000.000000	8000.000000	Trill	7.925625	14.317412	NaN	NaN	79.855337	0.000000
76	Spectrogram 1	1	4140.930000	4140.980000	4000.000000	18000.000000	8000.000000	Phee	13.206787	24.883707	NaN	NaN	169.451840	0.000000
77	Spectrogram 1	1	4177.520000	4178.810000	4000.000000	18000.000000	8000.000000	Trillphee	7.654991	21.084329	NaN	NaN	121.568045	0.000000
78	Spectrogram 1	1	4223.200000	4223.630000	4000.000000	18000.000000	8000.000000	Trill	8.432822	14.933422	NaN	NaN	86.006569	0.000000
79	Spectrogram 1	1	4406.590000	4407.960000	4000.000000	18000.000000	8000.000000	Trill	15.443443	26.528684	NaN	NaN	175.024078	0.000000
80	Spectrogram 1	1	4416.780000	4417.220000	4000.000000	18000.000000	8000.000000	Trill	14.573785	22.243181	NaN	NaN	146.382331	0.000000
81	Spectrogram 1	1	4456.350000	4456.900000	4000.000000	18000.000000	8000.000000	Trill	7.500786	15.819362	NaN	NaN	73.047152	0.000000
82	Spectrogram 1	1	5101.590000	5101.900000	4000.000000	18000.000000	8000.000000	Trill	7.424702	15.299677	NaN	NaN	82.907008	0.000000
83	Spectrogram 1	1	5250.070000	5250.120000	4000.000000	18000.000000	8000.000000	Twitter	7.745057	16.764552	NaN	NaN	47.615583	0.000000
84	Spectrogram 1	1	5279.080000	5279.110000	4000.000000	18000.000000	8000.000000	Trill	8.784275	12.343594	NaN	NaN	49.262218	0.000000
85	Spectrogram 1	1	5286.720000	5287.040000	4000.000000	18000.000000	8000.000000	Trill	8.207506	16.206285	NaN	NaN	82.919792	0.000000
86	Spectrogram 1	1	5423.680000	5423.830000	4000.000000	18000.000000	8000.000000	Twitter	16.422537	23.138844	NaN	NaN	132.834291	0.000000
87	Spectrogram 1	1	5423.920000	5423.950000	4000.000000	18000.000000	8000.000000	Twitter	10.589245	14.548219	NaN	NaN	76.692462	0.000000
88	Spectrogram 1	1	5424.050000	5424.100000	4000.000000	18000.000000	8000.000000	Twitter	12.067508	19.689122	NaN	NaN	67.977033	0.000000
89	Spectrogram 1	1	5424.190000	5424.980000	4000.000000	18000.000000	8000.000000	Twitter	7.673899	15.581008	NaN	NaN	58.072469	0.000000
90	Spectrogram 1	1	5441.420000	5441.730000	4000.000000	18000.000000	8000.000000	Trill	12.001185	19.865777	NaN	NaN	97.643310	0.000000
91	Spectrogram 1	1	5539.100000	5539.250000	4000.000000	18000.000000	8000.000000	Trill	7.887453	13.252834	NaN	NaN	90.534864	0.000000
92	Spectrogram 1	1	5539.300000	5539.360000	4000.000000	18000.000000	8000.000000	Trill	9.513225	14.603224	NaN	NaN	92.241226	0.000000
93	Spectrogram 1	2	6.630000	6.740000	4000.000000	18000.000000	8000.000000	Trill	13.235345	19.217604	NaN	NaN	77.856314	0.000000
94	Spectrogram 1	2	7.940000	8.340000	4000.000000	18000.000000	8000.000000	Trill	8.741623	15.682773	NaN	NaN	64.105770	0.000000
95	Spectrogram 1	2	30.200000	30.290000	4000.000000	18000.000000	8000.000000	Trill	7.578091	13.742845	NaN	NaN	65.401023	0.000000
96	Spectrogram 1	2	83.530000	83.680000	4000.000000	18000.000000	8000.000000	Trill	7.071288	10.595327	NaN	NaN	51.855810	0.000000
97	Spectrogram 1	2	162.340000	162.390000	4000.000000	18000.000000	8000.000000	Twitter	7.887850	13.954520	NaN	NaN	58.499746	0.000000
98	Spectrogram 1	2	211.100000	211.160000	4000.000000	18000.000000	8000.000000	Trill	12.151570	19.119160	NaN	NaN	97.648826	0.000000
99	Spectrogram 1	2	317.100000	317.140000	4000.000000	18000.000000	8000.000000	Twitter	11.166906	14.456821	NaN	NaN	40.034153	0.000000
100	Spectrogram 1	2	317.520000	317.550000	4000.000000	18000.000000	8000.000000	Twitter	11.586526	16.535494	NaN	NaN	43.593654	0.000000
101	Spectrogram 1	2	317.660000	317.690000	4000.000000	18000.000000	8000.000000	Twitter	12.143535	17.338589	NaN	NaN	39.908625	0.000000
102	Spectrogram 1	2	317.790000	317.820000	4000.000000	18000.000000	8000.000000	Twitter	11.810561	16.814454	NaN	NaN	41.860516	0.000000
103	Spectrogram 1	2	318.060000	318.100000	4000.000000	18000.000000	8000.000000	Twitter	12.276756	16.291170	NaN	NaN	41.632214	0.000000
104	Spectrogram 1	2	386.660000	387.160000	4000.000000	18000.000000	8000.000000	Trill	8.717850	16.655889	NaN	NaN	54.864457	0.000000
105	Spectrogram 1	2	502.100000	502.430000	4000.000000	18000.000000	8000.000000	Trill	7.136418	11.084312	NaN	NaN	65.696008	0.000000
106	Spectrogram 1	2	577.110000	577.410000	4000.000000	18000.000000	8000.000000	Trill	7.942568	12.551405	NaN	NaN	50.901155	0.000000
107	Spectrogram 1	2	588.440000	588.890000	4000.000000	18000.000000	8000.000000	Trill	10.815239	17.419877	NaN	NaN	97.421716	0.000000
108	Spectrogram 1	2	638.760000	638.810000	4000.000000	18000.000000	8000.000000	Trill	7.079912	10.689872	NaN	NaN	44.465796	0.000000
109	Spectrogram 1	2	826.260000	826.610000	4000.000000	18000.000000	8000.000000	Trill	8.109250	14.365394	NaN	NaN	61.924065	0.000000
110	Spectrogram 1	2	848.360000	848.390000	4000.000000	18000.000000	8000.000000	Twitter	7.047937	13.529861	NaN	NaN	56.900598	0.000000
111	Spectrogram 1	2	1539.780000	1539.810000	4000.000000	18000.000000	8000.000000	Twitter	7.026183	28.751383	NaN	NaN	78.666055	0.000000
112	Spectrogram 1	2	1566.780000	1566.820000	4000.000000	18000.000000	8000.000000	Twitter	8.898341	23.950048	NaN	NaN	76.875101	0.000000
113	Spectrogram 1	2	1571.780000	1571.810000	4000.000000	18000.000000	8000.000000	Twitter	8.622703	21.978094	NaN	NaN	89.018094	0.000000
114	Spectrogram 1	2	1663.530000	1663.560000	4000.000000	18000.000000	8000.000000	Twitter	7.286228	21.553213	NaN	NaN	66.944680	0.000000
115	Spectrogram 1	2	1836.080000	1836.380000	4000.000000	18000.000000	8000.000000	Trill	13.549879	20.894710	NaN	NaN	79.209747	0.000000
116	Spectrogram 1	2	2132.610000	2132.890000	4000.000000	18000.000000	8000.000000	Trill	7.771787	12.967795	NaN	NaN	55.787345	0.000000
117	Spectrogram 1	2	2159.830000	2159.860000	4000.000000	18000.000000	8000.000000	Twitter	7.606841	20.661915	NaN	NaN	61.955949	0.000000
118	Spectrogram 1	2	2165.020000	2165.310000	4000.000000	18000.000000	8000.000000	Trillphee	12.151415	18.443112	NaN	NaN	117.440253	0.000000
119	Spectrogram 1	2	2256.440000	2256.630000	4000.000000	18000.000000	8000.000000	Twitter	9.202184	23.743893	NaN	NaN	98.012730	0.000000
120	Spectrogram 1	2	2299.990000	2300.220000	4000.000000	18000.000000	8000.000000	Trill	8.556738	13.361927	NaN	NaN	60.891402	0.000000
121	Spectrogram 1	2	2318.200000	2318.240000	4000.000000	18000.000000	8000.000000	Trill	6.991522	13.344537	NaN	NaN	46.046810	0.000000
122	Spectrogram 1	2	2347.230000	2347.470000	4000.000000	18000.000000	8000.000000	Trill	16.084161	21.399198	NaN	NaN	123.922556	0.000000
123	Spectrogram 1	2	2394.840000	2394.940000	4000.000000	18000.000000	8000.000000	Trill	6.996764	12.759513	NaN	NaN	59.466051	0.000000
124	Spectrogram 1	2	2400.860000	2400.980000	4000.000000	18000.000000	8000.000000	Trill	7.177586	13.701989	NaN	NaN	65.089599	0.000000
125	Spectrogram 1	2	2405.730000	2406.010000	4000.000000	18000.000000	8000.000000	Trill	7.592487	12.361088	NaN	NaN	67.405180	0.000000
126	Spectrogram 1	2	2431.800000	2432.030000	4000.000000	18000.000000	8000.000000	Trill	7.694441	11.917350	NaN	NaN	68.931422	0.000000
127	Spectrogram 1	2	2439.490000	2440.120000	4000.000000	18000.000000	8000.000000	Trillphee	10.021761	24.149650	NaN	NaN	118.319685	0.000000
128	Spectrogram 1	2	2456.800000	2456.850000	4000.000000	18000.000000	8000.000000	Phee	10.769831	10.427509	NaN	NaN	36.927812	0.000000
129	Spectrogram 1	2	2500.110000	2500.350000	4000.000000	18000.000000	8000.000000	Trill	9.906587	15.452150	NaN	NaN	78.367046	0.000000
130	Spectrogram 1	2	2502.240000	2502.280000	4000.000000	18000.000000	8000.000000	Trill	10.678061	15.653696	NaN	NaN	47.395519	0.000000
131	Spectrogram 1	2	2537.300000	2537.370000	4000.000000	18000.000000	8000.000000	Trill	10.767481	14.518702	NaN	NaN	79.189768	0.000000
132	Spectrogram 1	2	2557.890000	2557.970000	4000.000000	18000.000000	8000.000000	Trill	8.858496	12.478406	NaN	NaN	62.272269	0.000000
133	Spectrogram 1	2	2564.150000	2564.400000	4000.000000	18000.000000	8000.000000	Trill	9.630199	12.932890	NaN	NaN	66.274136	0.000000
134	Spectrogram 1	2	2575.900000	2576.130000	4000.000000	18000.000000	8000.000000	Trill	13.630409	19.009917	NaN	NaN	119.709692	0.000000
135	Spectrogram 1	2	2583.450000	2584.270000	4000.000000	18000.000000	8000.000000	Trillphee	11.963814	23.852138	NaN	NaN	129.931618	0.000000
136	Spectrogram 1	2	2662.370000	2662.520000	4000.000000	18000.000000	8000.000000	Trill	10.237091	14.967585	NaN	NaN	61.823010	0.000000
137	Spectrogram 1	2	2990.510000	2990.890000	4000.000000	18000.000000	8000.000000	Trillphee	15.359337	22.796048	NaN	NaN	127.304462	0.000000
138	Spectrogram 1	2	2997.870000	2998.380000	4000.000000	18000.000000	8000.000000	Trillphee	18.611482	26.687585	NaN	NaN	150.890952	0.000000
139	Spectrogram 1	2	3032.510000	3034.070000	4000.000000	18000.000000	8000.000000	Phee	16.647919	35.253863	NaN	NaN	89.659767	0.000000
140	Spectrogram 1	2	3105.880000	3106.110000	4000.000000	18000.000000	8000.000000	Trill	10.645654	16.375792	NaN	NaN	83.544006	0.000000
141	Spectrogram 1	2	3164.140000	3164.290000	4000.000000	18000.000000	8000.000000	Trill	7.022644	12.028488	NaN	NaN	65.913935	0.000000
142	Spectrogram 1	2	3190.390000	3190.490000	4000.000000	18000.000000	8000.000000	Trill	8.766968	13.852525	NaN	NaN	75.597355	0.000000
143	Spectrogram 1	2	3203.650000	3203.740000	4000.000000	18000.000000	8000.000000	Trill	9.790458	13.227231	NaN	NaN	67.895077	0.000000
144	Spectrogram 1	2	3212.040000	3212.310000	4000.000000	18000.000000	8000.000000	Trill	8.922535	12.012602	NaN	NaN	72.587610	0.000000
145	Spectrogram 1	2	3441.160000	3441.200000	4000.000000	18000.000000	8000.000000	Trill	8.852453	9.537028	NaN	NaN	47.292692	0.000000
146	Spectrogram 1	2	3541.430000	3541.480000	4000.000000	18000.000000	8000.000000	Trill	8.099990	11.067084	NaN	NaN	57.128863	0.000000
147	Spectrogram 1	2	3546.470000	3546.530000	4000.000000	18000.000000	8000.000000	Trill	6.980894	11.101486	NaN	NaN	41.922259	0.000000
148	Spectrogram 1	2	3595.680000	3595.730000	4000.000000	18000.000000	8000.000000	Trill	8.584966	11.693181	NaN	NaN	62.113046	0.000000
149	Spectrogram 1	2	3637.800000	3637.900000	4000.000000	18000.000000	8000.000000	Trill	7.674701	10.788604	NaN	NaN	51.988944	0.000000
150	Spectrogram 1	2	3691.990000	3692.150000	4000.000000	18000.000000	8000.000000	Trill	13.215489	17.948119	NaN	NaN	90.505707	0.000000
151	Spectrogram 1	2	3698.630000	3698.800000	4000.000000	18000.000000	8000.000000	Trill	10.090230	15.154431	NaN	NaN	76.026480	0.000000
152	Spectrogram 1	2	3714.240000	3714.490000	4000.000000	18000.000000	8000.000000	Trill	7.369824	9.777080	NaN	NaN	54.440141	0.000000
153	Spectrogram 1	2	3728.000000	3728.270000	4000.000000	18000.000000	8000.000000	Trill	13.683258	19.502177	NaN	NaN	110.785180	0.000000
154	Spectrogram 1	2	3740.930000	3741.270000	4000.000000	18000.000000	8000.000000	Trill	14.711279	20.816810	NaN	NaN	119.284725	0.000000
155	Spectrogram 1	2	3771.660000	3771.940000	4000.000000	18000.000000	8000.000000	Trill	9.251184	15.263746	NaN	NaN	86.007683	0.000000
156	Spectrogram 1	2	3819.630000	3819.870000	4000.000000	18000.000000	8000.000000	Trill	12.462772	17.301704	NaN	NaN	76.997886	0.000000
157	Spectrogram 1	2	3984.730000	3984.990000	4000.000000	18000.000000	8000.000000	Trill	13.003223	19.449110	NaN	NaN	121.930010	0.000000
158	Spectrogram 1	2	3998.860000	3999.140000	4000.000000	18000.000000	8000.000000	Trill	7.125975	12.983242	NaN	NaN	69.309068	0.000000
159	Spectrogram 1	2	4012.810000	4013.080000	4000.000000	18000.000000	8000.000000	Trill	13.843261	17.653275	NaN	NaN	102.468899	0.000000
160	Spectrogram 1	2	4019.540000	4019.680000	4000.000000	18000.000000	8000.000000	Trill	11.360852	15.009988	NaN	NaN	69.425251	0.000000
161	Spectrogram 1	2	4024.840000	4024.950000	4000.000000	18000.000000	8000.000000	Trill	11.585277	15.177859	NaN	NaN	71.218816	0.000000
162	Spectrogram 1	2	4048.480000	4048.670000	4000.000000	18000.000000	8000.000000	Trill	8.746024	12.510281	NaN	NaN	65.435394	0.000000
163	Spectrogram 1	2	4057.230000	4057.550000	4000.000000	18000.000000	8000.000000	Trill	14.218947	19.470597	NaN	NaN	111.978331	0.000000
164	Spectrogram 1	2	4064.500000	4064.540000	4000.000000	18000.000000	8000.000000	Trill	7.213505	8.572628	NaN	NaN	37.794814	0.000000
165	Spectrogram 1	2	4082.420000	4082.730000	4000.000000	18000.000000	8000.000000	Trill	12.574154	17.070020	NaN	NaN	84.501239	0.000000
166	Spectrogram 1	2	4098.570000	4098.640000	4000.000000	18000.000000	8000.000000	Trill	7.061612	11.065302	NaN	NaN	55.875432	0.000000
167	Spectrogram 1	2	4126.770000	4127.040000	4000.000000	18000.000000	8000.000000	Trill	7.566291	11.896877	NaN	NaN	61.140230	0.000000
168	Spectrogram 1	2	4132.340000	4132.490000	4000.000000	18000.000000	8000.000000	Trill	9.016536	14.687794	NaN	NaN	80.476096	0.000000
169	Spectrogram 1	2	4132.550000	4132.610000	4000.000000	18000.000000	8000.000000	Trill	10.241768	14.300008	NaN	NaN	85.238033	0.000000
170	Spectrogram 1	2	4156.980000	4157.250000	4000.000000	18000.000000	8000.000000	Trill	8.202710	13.462484	NaN	NaN	72.187749	0.000000
171	Spectrogram 1	2	4335.200000	4335.420000	4000.000000	18000.000000	8000.000000	Trill	9.115653	12.892800	NaN	NaN	63.860339	0.000000
172	Spectrogram 1	2	4347.710000	4347.980000	4000.000000	18000.000000	8000.000000	Trill	15.286769	20.517927	NaN	NaN	106.799640	0.000000
173	Spectrogram 1	2	4425.680000	4425.770000	4000.000000	18000.000000	8000.000000	Trill	13.139371	18.047921	NaN	NaN	59.961748	0.000000
174	Spectrogram 1	2	4472.200000	4472.330000	4000.000000	18000.000000	8000.000000	Trill	11.922485	17.730380	NaN	NaN	108.245633	0.000000
175	Spectrogram 1	2	4481.240000	4481.400000	4000.000000	18000.000000	8000.000000	Trill	7.852973	13.039552	NaN	NaN	61.192734	0.000000
176	Spectrogram 1	2	4493.310000	4493.440000	4000.000000	18000.000000	8000.000000	Trill	13.043158	17.520576	NaN	NaN	90.736867	0.000000
177	Spectrogram 1	2	4534.020000	4534.060000	4000.000000	18000.000000	8000.000000	Twitter	7.251326	19.569218	NaN	NaN	64.976114	0.000000
178	Spectrogram 1	2	4551.100000	4551.130000	4000.000000	18000.000000	8000.000000	Twitter	8.006547	19.592286	NaN	NaN	55.915055	0.000000
179	Spectrogram 1	2	4553.150000	4553.190000	4000.000000	18000.000000	8000.000000	Twitter	8.677353	21.554842	NaN	NaN	78.588688	0.000000
180	Spectrogram 1	2	4569.430000	4569.710000	4000.000000	18000.000000	8000.000000	Trill	15.567345	21.545799	NaN	NaN	124.178080	0.000000
181	Spectrogram 1	2	4575.750000	4576.020000	4000.000000	18000.000000	8000.000000	Trill	10.953846	19.485363	NaN	NaN	88.882877	0.000000
182	Spectrogram 1	2	4578.540000	4578.820000	4000.000000	18000.000000	8000.000000	Trill	7.827238	12.957036	NaN	NaN	54.925474	0.000000
183	Spectrogram 1	2	4624.130000	4624.310000	4000.000000	18000.000000	8000.000000	Trill	8.436275	13.701300	NaN	NaN	55.966984	0.000000
184	Spectrogram 1	2	4641.190000	4641.230000	4000.000000	18000.000000	8000.000000	Trill	12.676681	13.200670	NaN	NaN	35.109905	0.000000
185	Spectrogram 1	2	4646.590000	4646.900000	4000.000000	18000.000000	8000.000000	Trill	8.429703	14.992234	NaN	NaN	71.017669	0.000000
186	Spectrogram 1	2	4652.250000	4652.280000	4000.000000	18000.000000	8000.000000	Twitter	8.117965	14.509862	NaN	NaN	38.826814	0.000000
187	Spectrogram 1	2	4721.610000	4721.640000	4000.000000	18000.000000	8000.000000	Trill	10.195749	10.319748	NaN	NaN	35.530750	0.000000
188	Spectrogram 1	2	4831.590000	4831.820000	4000.000000	18000.000000	8000.000000	Trill	10.399791	16.706344	NaN	NaN	78.571684	0.000000
189	Spectrogram 1	2	4886.810000	4887.030000	4000.000000	18000.000000	8000.000000	Trill	7.882984	12.289399	NaN	NaN	64.372742	0.000000
190	Spectrogram 1	2	4898.900000	4898.930000	4000.000000	18000.000000	8000.000000	Twitter	7.417070	20.260080	NaN	NaN	64.334591	0.000000
191	Spectrogram 1	2	4906.080000	4906.110000	4000.000000	18000.000000	8000.000000	Twitter	9.174427	22.397818	NaN	NaN	98.798016	0.000000
192	Spectrogram 1	2	4909.290000	4909.420000	4000.000000	18000.000000	8000.000000	Trill	9.069896	18.706744	NaN	NaN	66.116043	0.000000
193	Spectrogram 1	2	5027.490000	5027.530000	4000.000000	18000.000000	8000.000000	Twitter	7.970211	21.730030	NaN	NaN	80.091066	0.000000
194	Spectrogram 1	2	5066.440000	5066.780000	4000.000000	18000.000000	8000.000000	Trillphee	8.703716	15.945451	NaN	NaN	79.032513	0.000000
195	Spectrogram 1	2	5088.680000	5088.740000	4000.000000	18000.000000	8000.000000	Twitter	6.980942	17.666593	NaN	NaN	66.061191	0.000000
196	Spectrogram 1	2	5109.140000	5109.310000	4000.000000	18000.000000	8000.000000	Trill	7.980111	12.881523	NaN	NaN	59.876903	0.000000
197	Spectrogram 1	2	5190.240000	5190.450000	4000.000000	18000.000000	8000.000000	Trill	7.191289	11.996577	NaN	NaN	51.871047	0.000000
198	Spectrogram 1	2	5231.000000	5231.050000	4000.000000	18000.000000	8000.000000	Trill	12.333023	12.686362	NaN	NaN	36.026309	0.000000
199	Spectrogram 1	2	5231.110000	5231.140000	4000.000000	18000.000000	8000.000000	Twitter	7.132148	16.752304	NaN	NaN	61.360699	0.000000
200	Spectrogram 1	2	5266.290000	5266.320000	4000.000000	18000.000000	8000.000000	Twitter	7.745617	22.870281	NaN	NaN	81.186072	0.000000
201	Spectrogram 1	2	5349.770000	5349.900000	4000.000000	18000.000000	8000.000000	Trill	11.813810	17.299123	NaN	NaN	87.741704	0.000000
202	Spectrogram 1	2	5358.200000	5358.350000	4000.000000	18000.000000	8000.000000	Trill	11.725633	17.493386	NaN	NaN	84.202812	0.000000
203	Spectrogram 1	2	5361.540000	5361.770000	4000.000000	18000.000000	8000.000000	Trill	11.482721	16.140177	NaN	NaN	65.008233	0.000000
204	Spectrogram 1	2	5538.300000	5538.600000	4000.000000	18000.000000	8000.000000	Trill	8.617173	12.494672	NaN	NaN	71.483486	0.000000
205	Spectrogram 1	3	10.220000	11.890000	4000.000000	18000.000000	8000.000000	Phee	17.620788	36.951217	NaN	NaN	149.931077	0.000000
206	Spectrogram 1	3	47.680000	47.810000	4000.000000	18000.000000	8000.000000	Trill	8.021159	13.267615	NaN	NaN	62.752916	0.000000
207	Spectrogram 1	3	136.200000	137.640000	4000.000000	18000.000000	8000.000000	Phee	17.686311	34.030368	NaN	NaN	89.297994	0.000000
208	Spectrogram 1	3	138.780000	140.250000	4000.000000	18000.000000	8000.000000	Phee	18.510246	37.851240	NaN	NaN	90.073316	0.000000
209	Spectrogram 1	3	166.250000	167.590000	4000.000000	18000.000000	8000.000000	Phee	16.306907	34.788008	NaN	NaN	88.415476	0.000000
210	Spectrogram 1	3	309.720000	311.150000	4000.000000	18000.000000	8000.000000	Trill	8.220241	10.673747	NaN	NaN	55.168348	0.000000
211	Spectrogram 1	3	314.850000	314.880000	4000.000000	18000.000000	8000.000000	Trill	13.075093	11.601023	NaN	NaN	50.203831	0.000000
212	Spectrogram 1	3	317.080000	318.290000	4000.000000	18000.000000	8000.000000	Trill	9.218172	11.869951	NaN	NaN	67.261817	0.000000
213	Spectrogram 1	3	318.980000	319.360000	4000.000000	18000.000000	8000.000000	Trill	8.946489	10.777699	NaN	NaN	59.139763	0.000000
214	Spectrogram 1	3	322.090000	322.420000	4000.000000	18000.000000	8000.000000	Phee	13.913309	12.001009	NaN	NaN	37.445725	0.000000
215	Spectrogram 1	3	324.370000	324.750000	4000.000000	18000.000000	8000.000000	Trill	9.555715	12.333120	NaN	NaN	52.485939	0.000000
216	Spectrogram 1	3	413.820000	414.230000	4000.000000	18000.000000	8000.000000	Trill	9.944903	14.758085	NaN	NaN	56.533847	0.000000
217	Spectrogram 1	3	460.600000	460.670000	4000.000000	18000.000000	8000.000000	Trill	10.359698	15.375008	NaN	NaN	76.366859	0.000000
218	Spectrogram 1	3	460.740000	461.180000	4000.000000	18000.000000	8000.000000	Trillphee	11.178633	19.363804	NaN	NaN	92.660449	0.000000
219	Spectrogram 1	3	480.390000	480.580000	4000.000000	18000.000000	8000.000000	Trillphee	8.954026	15.687578	NaN	NaN	71.276240	0.000000
220	Spectrogram 1	3	520.500000	521.470000	4000.000000	18000.000000	8000.000000	Trillphee	10.267722	21.085362	NaN	NaN	102.757099	0.000000
221	Spectrogram 1	3	533.650000	533.680000	4000.000000	18000.000000	8000.000000	Trill	8.291886	10.003357	NaN	NaN	38.610440	0.000000
222	Spectrogram 1	3	545.160000	545.880000	4000.000000	18000.000000	8000.000000	Trillphee	7.187882	14.573979	NaN	NaN	63.815918	0.000000
223	Spectrogram 1	3	556.300000	556.560000	4000.000000	18000.000000	8000.000000	Trillphee	8.368448	14.132339	NaN	NaN	56.964794	0.000000
224	Spectrogram 1	3	646.360000	647.410000	4000.000000	18000.000000	8000.000000	Phee	13.728516	28.432113	NaN	NaN	136.850857	0.000000
225	Spectrogram 1	3	693.460000	693.540000	4000.000000	18000.000000	8000.000000	Phee	7.545408	11.546934	NaN	NaN	53.182737	0.000000
226	Spectrogram 1	3	729.810000	731.420000	4000.000000	18000.000000	8000.000000	Trillphee	7.841737	25.333551	NaN	NaN	79.055841	0.000000
227	Spectrogram 1	3	743.650000	744.520000	4000.000000	18000.000000	8000.000000	Trillphee	9.764070	22.343887	NaN	NaN	78.746902	0.000000
228	Spectrogram 1	3	807.080000	808.460000	4000.000000	18000.000000	8000.000000	Phee	20.503583	41.474638	NaN	NaN	102.867662	0.000000
229	Spectrogram 1	3	809.550000	810.770000	4000.000000	18000.000000	8000.000000	Phee	19.316333	39.535686	NaN	NaN	81.378890	0.000000
230	Spectrogram 1	3	829.080000	830.300000	4000.000000	18000.000000	8000.000000	Phee	18.829870	32.937158	NaN	NaN	55.270230	0.000000
231	Spectrogram 1	3	832.140000	833.980000	4000.000000	18000.000000	8000.000000	Trillphee	12.879097	30.698162	NaN	NaN	51.764149	0.000000
232	Spectrogram 1	3	846.980000	848.030000	4000.000000	18000.000000	8000.000000	Phee	18.260907	29.778643	NaN	NaN	42.364340	0.000000
233	Spectrogram 1	3	850.530000	851.720000	4000.000000	18000.000000	8000.000000	Phee	17.493071	31.801380	NaN	NaN	47.025292	0.000000
234	Spectrogram 1	3	853.010000	854.050000	4000.000000	18000.000000	8000.000000	Phee	17.346799	31.504343	NaN	NaN	47.754153	0.000000
235	Spectrogram 1	3	876.410000	877.590000	4000.000000	18000.000000	8000.000000	Phee	18.319053	32.674917	NaN	NaN	53.405456	0.000000
236	Spectrogram 1	3	879.850000	880.920000	4000.000000	18000.000000	8000.000000	Phee	17.849457	35.535446	NaN	NaN	56.293164	0.000000
237	Spectrogram 1	3	916.120000	917.170000	4000.000000	18000.000000	8000.000000	Phee	16.670209	29.011929	NaN	NaN	37.553861	0.000000
238	Spectrogram 1	3	998.710000	999.850000	4000.000000	18000.000000	8000.000000	Twitter	9.828327	19.977173	NaN	NaN	54.850392	0.000000
239	Spectrogram 1	3	1323.290000	1323.490000	4000.000000	18000.000000	8000.000000	Trill	8.092829	14.538579	NaN	NaN	64.786335	0.000000
240	Spectrogram 1	3	1361.440000	1361.530000	4000.000000	18000.000000	8000.000000	Twitter	7.022714	19.670604	NaN	NaN	47.854083	0.000000
241	Spectrogram 1	3	1364.370000	1364.660000	4000.000000	18000.000000	8000.000000	Trill	12.646828	19.613406	NaN	NaN	109.013557	0.000000
242	Spectrogram 1	3	1367.780000	1368.160000	4000.000000	18000.000000	8000.000000	Trill	9.432225	16.148147	NaN	NaN	63.384875	0.000000
243	Spectrogram 1	3	1527.510000	1528.130000	4000.000000	18000.000000	8000.000000	Trillphee	7.692572	20.506745	NaN	NaN	70.050525	0.000000
244	Spectrogram 1	3	1558.050000	1558.340000	4000.000000	18000.000000	8000.000000	Trill	9.853420	14.002069	NaN	NaN	65.220586	0.000000
245	Spectrogram 1	3	1676.490000	1677.770000	4000.000000	18000.000000	8000.000000	Phee	17.390671	35.305754	NaN	NaN	77.698883	0.000000
246	Spectrogram 1	3	1722.220000	1722.280000	4000.000000	18000.000000	8000.000000	Twitter	9.496747	24.065828	NaN	NaN	87.335935	0.000000
247	Spectrogram 1	3	1722.360000	1722.400000	4000.000000	18000.000000	8000.000000	Twitter	9.358691	27.272605	NaN	NaN	77.993475	0.000000
248	Spectrogram 1	3	1722.470000	1722.500000	4000.000000	18000.000000	8000.000000	Twitter	9.242501	31.994723	NaN	NaN	112.208421	0.000000
249	Spectrogram 1	3	1882.300000	1883.320000	4000.000000	18000.000000	8000.000000	Trillphee	7.543209	20.569949	NaN	NaN	75.119128	0.000000
250	Spectrogram 1	3	1907.890000	1907.970000	4000.000000	18000.000000	8000.000000	Trillphee	14.422248	22.140413	NaN	NaN	127.533684	0.000000
251	Spectrogram 1	3	2022.280000	2023.360000	4000.000000	18000.000000	8000.000000	Phee	11.679820	23.522912	NaN	NaN	95.672072	0.000000
252	Spectrogram 1	3	2070.670000	2071.250000	4000.000000	18000.000000	8000.000000	Trillphee	9.469885	19.163775	NaN	NaN	73.651567	0.000000
253	Spectrogram 1	3	2086.710000	2087.050000	4000.000000	18000.000000	8000.000000	Trillphee	9.187360	17.405721	NaN	NaN	86.702309	0.000000
254	Spectrogram 1	3	2093.400000	2093.590000	4000.000000	18000.000000	8000.000000	Trill	7.803344	14.990694	NaN	NaN	52.595522	0.000000
255	Spectrogram 1	3	2275.600000	2275.760000	4000.000000	18000.000000	8000.000000	Twitter	7.795391	16.485773	NaN	NaN	57.696869	0.000000
256	Spectrogram 1	3	2275.800000	2275.840000	4000.000000	18000.000000	8000.000000	Twitter	7.429171	14.542781	NaN	NaN	50.147205	0.000000
257	Spectrogram 1	3	2275.930000	2275.990000	4000.000000	18000.000000	8000.000000	Twitter	6.996236	15.405538	NaN	NaN	42.256009	0.000000
258	Spectrogram 1	3	2287.420000	2287.520000	4000.000000	18000.000000	8000.000000	Phee	9.483101	9.205367	NaN	NaN	36.481368	0.000000
259	Spectrogram 1	3	2449.230000	2449.570000	4000.000000	18000.000000	8000.000000	Trill	12.303307	19.186840	NaN	NaN	95.281425	0.000000
260	Spectrogram 1	3	2453.800000	2454.120000	4000.000000	18000.000000	8000.000000	Trillphee	8.189112	15.754941	NaN	NaN	69.803510	0.000000
261	Spectrogram 1	3	2482.780000	2483.740000	4000.000000	18000.000000	8000.000000	Trillphee	10.356833	21.374750	NaN	NaN	97.086681	0.000000
262	Spectrogram 1	3	2543.400000	2543.450000	4000.000000	18000.000000	8000.000000	Trill	12.890583	19.487976	NaN	NaN	104.457905	0.000000
263	Spectrogram 1	3	2574.650000	2574.720000	4000.000000	18000.000000	8000.000000	Twitter	8.261922	19.327570	NaN	NaN	67.163693	0.000000
264	Spectrogram 1	3	2896.680000	2896.840000	4000.000000	18000.000000	8000.000000	Trill	7.003748	13.771691	NaN	NaN	65.829653	0.000000
265	Spectrogram 1	3	2916.880000	2917.880000	4000.000000	18000.000000	8000.000000	Trillphee	7.409132	16.500037	NaN	NaN	69.648011	0.000000
266	Spectrogram 1	3	2927.930000	2928.240000	4000.000000	18000.000000	8000.000000	Trill	7.969773	15.483328	NaN	NaN	68.142710	0.000000
267	Spectrogram 1	3	2928.310000	2928.840000	4000.000000	18000.000000	8000.000000	Trillphee	7.408070	18.266913	NaN	NaN	61.354089	0.000000
268	Spectrogram 1	3	2996.480000	2996.870000	4000.000000	18000.000000	8000.000000	Trill	10.044513	14.300820	NaN	NaN	66.388582	0.000000
269	Spectrogram 1	3	3013.470000	3014.410000	4000.000000	18000.000000	8000.000000	Trillphee	10.075602	23.716375	NaN	NaN	109.500184	0.000000
270	Spectrogram 1	3	3021.680000	3022.470000	4000.000000	18000.000000	8000.000000	Trillphee	13.101842	25.086190	NaN	NaN	132.913574	0.000000
271	Spectrogram 1	3	3027.430000	3028.460000	4000.000000	18000.000000	8000.000000	Trillphee	7.283940	21.515269	NaN	NaN	79.699164	0.000000
272	Spectrogram 1	3	3113.160000	3114.420000	4000.000000	18000.000000	8000.000000	Phee	13.502472	27.494943	NaN	NaN	116.237278	0.000000
273	Spectrogram 1	3	3135.780000	3135.850000	4000.000000	18000.000000	8000.000000	Trill	9.987540	21.291711	NaN	NaN	86.508978	0.000000
274	Spectrogram 1	3	3157.020000	3157.110000	4000.000000	18000.000000	8000.000000	Trillphee	10.184533	16.707211	NaN	NaN	84.963130	0.000000
275	Spectrogram 1	3	3158.130000	3158.240000	4000.000000	18000.000000	8000.000000	Phee	12.484202	13.830638	NaN	NaN	37.087631	0.000000
276	Spectrogram 1	3	3159.020000	3159.740000	4000.000000	18000.000000	8000.000000	Trillphee	7.107991	16.033265	NaN	NaN	77.670516	0.000000
277	Spectrogram 1	3	3183.760000	3184.330000	4000.000000	18000.000000	8000.000000	Trillphee	7.134818	11.792423	NaN	NaN	52.609805	0.000000
278	Spectrogram 1	3	3196.330000	3196.400000	4000.000000	18000.000000	8000.000000	Trill	7.066771	12.019448	NaN	NaN	54.860512	0.000000
279	Spectrogram 1	3	3196.450000	3196.490000	4000.000000	18000.000000	8000.000000	Trill	8.503474	13.243610	NaN	NaN	73.375868	0.000000
280	Spectrogram 1	3	3207.370000	3208.060000	4000.000000	18000.000000	8000.000000	Trill	9.500367	17.229789	NaN	NaN	69.315487	0.000000
281	Spectrogram 1	3	3225.390000	3225.870000	4000.000000	18000.000000	8000.000000	Trill	18.564287	24.666637	NaN	NaN	142.766738	0.000000
282	Spectrogram 1	3	3227.660000	3227.850000	4000.000000	18000.000000	8000.000000	Trillphee	13.458979	19.805904	NaN	NaN	133.799102	0.000000
283	Spectrogram 1	3	3249.500000	3249.950000	4000.000000	18000.000000	8000.000000	Trillphee	8.177161	14.870422	NaN	NaN	71.253196	0.000000
284	Spectrogram 1	3	3253.030000	3253.410000	4000.000000	18000.000000	8000.000000	Trill	8.413416	14.553228	NaN	NaN	55.981862	0.000000
285	Spectrogram 1	3	3256.430000	3257.230000	4000.000000	18000.000000	8000.000000	Trillphee	16.402972	25.437023	NaN	NaN	152.501607	0.000000
286	Spectrogram 1	3	3261.490000	3262.260000	4000.000000	18000.000000	8000.000000	Trillphee	6.978431	14.206554	NaN	NaN	64.233201	0.000000
287	Spectrogram 1	3	3282.480000	3282.830000	4000.000000	18000.000000	8000.000000	Trill	7.165337	11.439837	NaN	NaN	45.740387	0.000000
288	Spectrogram 1	3	3302.240000	3302.360000	4000.000000	18000.000000	8000.000000	Trill	7.167719	9.077004	NaN	NaN	47.039728	0.000000
289	Spectrogram 1	3	3314.980000	3315.420000	4000.000000	18000.000000	8000.000000	Trill	12.689309	18.143340	NaN	NaN	78.779127	0.000000
290	Spectrogram 1	3	3316.480000	3316.540000	4000.000000	18000.000000	8000.000000	Trill	8.781110	13.567443	NaN	NaN	56.670406	0.000000
291	Spectrogram 1	3	3316.600000	3316.650000	4000.000000	18000.000000	8000.000000	Trill	8.276282	13.862782	NaN	NaN	60.859925	0.000000
292	Spectrogram 1	3	3320.170000	3320.220000	4000.000000	18000.000000	8000.000000	Trill	7.936129	14.197107	NaN	NaN	54.549933	0.000000
293	Spectrogram 1	3	3322.210000	3322.430000	4000.000000	18000.000000	8000.000000	Trill	8.239405	13.243936	NaN	NaN	51.458913	0.000000
294	Spectrogram 1	3	3341.350000	3341.600000	4000.000000	18000.000000	8000.000000	Trillphee	8.936453	18.869636	NaN	NaN	62.898738	0.000000
295	Spectrogram 1	3	3348.480000	3348.680000	4000.000000	18000.000000	8000.000000	Trillphee	8.691877	17.136804	NaN	NaN	67.549625	0.000000
296	Spectrogram 1	3	3359.300000	3359.720000	4000.000000	18000.000000	8000.000000	Trill	11.927442	18.785296	NaN	NaN	81.909118	0.000000
297	Spectrogram 1	3	3363.900000	3364.120000	4000.000000	18000.000000	8000.000000	Trillphee	9.632539	16.196939	NaN	NaN	73.926170	0.000000
298	Spectrogram 1	3	3366.520000	3366.800000	4000.000000	18000.000000	8000.000000	Trill	11.436537	17.420112	NaN	NaN	64.660276	0.000000
299	Spectrogram 1	3	3367.750000	3367.950000	4000.000000	18000.000000	8000.000000	Trill	10.366809	18.799592	NaN	NaN	80.777473	0.000000
300	Spectrogram 1	3	3370.510000	3370.700000	4000.000000	18000.000000	8000.000000	Trillphee	7.982494	13.966549	NaN	NaN	63.812221	0.000000
301	Spectrogram 1	3	3372.640000	3372.830000	4000.000000	18000.000000	8000.000000	Trill	9.000365	13.703465	NaN	NaN	56.773435	0.000000
302	Spectrogram 1	3	3374.960000	3375.090000	4000.000000	18000.000000	8000.000000	Trill	7.882386	16.549100	NaN	NaN	58.314074	0.000000
303	Spectrogram 1	3	3377.760000	3378.450000	4000.000000	18000.000000	8000.000000	Trillphee	11.621865	21.307928	NaN	NaN	105.631864	0.000000
304	Spectrogram 1	3	3382.020000	3382.160000	4000.000000	18000.000000	8000.000000	Trillphee	8.794565	12.659751	NaN	NaN	61.045572	0.000000
305	Spectrogram 1	3	3383.570000	3383.750000	4000.000000	18000.000000	8000.000000	Trill	7.283648	11.319554	NaN	NaN	48.087072	0.000000
306	Spectrogram 1	3	3389.280000	3389.720000	4000.000000	18000.000000	8000.000000	Phee	7.088072	13.162136	NaN	NaN	57.910020	0.000000
307	Spectrogram 1	3	3398.450000	3398.800000	4000.000000	18000.000000	8000.000000	Trillphee	11.211297	17.580769	NaN	NaN	99.662239	0.000000
308	Spectrogram 1	3	3414.910000	3415.060000	4000.000000	18000.000000	8000.000000	Trill	7.915332	11.238542	NaN	NaN	53.710288	0.000000
309	Spectrogram 1	3	3430.040000	3430.260000	4000.000000	18000.000000	8000.000000	Phee	21.363038	31.115028	NaN	NaN	202.255454	0.000000
310	Spectrogram 1	3	3430.340000	3430.800000	4000.000000	18000.000000	8000.000000	Phee	20.720296	32.899263	NaN	NaN	194.015264	0.000000
311	Spectrogram 1	3	3440.090000	3440.700000	4000.000000	18000.000000	8000.000000	Trillphee	9.712340	19.980330	NaN	NaN	100.352569	0.000000
312	Spectrogram 1	3	3444.420000	3444.590000	4000.000000	18000.000000	8000.000000	Phee	15.374515	31.850777	NaN	NaN	161.742239	0.000000
313	Spectrogram 1	3	3456.480000	3456.770000	4000.000000	18000.000000	8000.000000	Trillphee	7.572920	13.463141	NaN	NaN	58.820617	0.000000
314	Spectrogram 1	3	3459.010000	3459.190000	4000.000000	18000.000000	8000.000000	Trill	7.059601	11.170380	NaN	NaN	52.610940	0.000000
315	Spectrogram 1	3	3461.050000	3461.100000	4000.000000	18000.000000	8000.000000	Phee	7.502031	10.935409	NaN	NaN	43.190770	0.000000
316	Spectrogram 1	3	3476.560000	3476.770000	4000.000000	18000.000000	8000.000000	Trill	7.578432	13.184216	NaN	NaN	41.457174	0.000000
317	Spectrogram 1	3	3531.710000	3531.920000	4000.000000	18000.000000	8000.000000	Trill	7.639179	11.717393	NaN	NaN	57.031494	0.000000
318	Spectrogram 1	3	3626.780000	3626.860000	4000.000000	18000.000000	8000.000000	Twitter	8.005979	24.772791	NaN	NaN	58.088501	0.000000
319	Spectrogram 1	3	3726.260000	3726.320000	4000.000000	18000.000000	8000.000000	Twitter	7.540995	29.721047	NaN	NaN	89.103626	0.000000
320	Spectrogram 1	3	3756.810000	3756.890000	4000.000000	18000.000000	8000.000000	Phee	9.986526	18.404810	NaN	NaN	91.493706	0.000000
321	Spectrogram 1	3	3757.010000	3757.110000	4000.000000	18000.000000	8000.000000	Phee	10.127884	17.307732	NaN	NaN	86.489297	0.000000
322	Spectrogram 1	3	3757.510000	3757.540000	4000.000000	18000.000000	8000.000000	Twitter	7.277728	28.208896	NaN	NaN	88.341915	0.000000
323	Spectrogram 1	3	3757.610000	3757.670000	4000.000000	18000.000000	8000.000000	Twitter	7.382102	26.652250	NaN	NaN	89.695321	0.000000
324	Spectrogram 1	3	3757.710000	3757.860000	4000.000000	18000.000000	8000.000000	Twitter	9.744983	26.695335	NaN	NaN	104.982926	0.000000
325	Spectrogram 1	3	3770.020000	3770.270000	4000.000000	18000.000000	8000.000000	Phee	7.772843	15.711316	NaN	NaN	68.088259	0.000000
326	Spectrogram 1	3	3783.520000	3783.920000	4000.000000	18000.000000	8000.000000	Trill	9.965683	17.598812	NaN	NaN	65.998893	0.000000
327	Spectrogram 1	3	3804.120000	3804.440000	4000.000000	18000.000000	8000.000000	Phee	9.448508	16.763201	NaN	NaN	79.983378	0.000000
328	Spectrogram 1	3	3839.620000	3839.790000	4000.000000	18000.000000	8000.000000	Trill	7.063768	12.238455	NaN	NaN	59.623798	0.000000
329	Spectrogram 1	3	3936.650000	3936.930000	4000.000000	18000.000000	8000.000000	Trill	8.311610	14.390677	NaN	NaN	46.898965	0.000000
330	Spectrogram 1	3	3972.510000	3972.600000	4000.000000	18000.000000	8000.000000	Trill	9.187831	16.556058	NaN	NaN	60.194174	0.000000
331	Spectrogram 1	3	3972.680000	3973.000000	4000.000000	18000.000000	8000.000000	Trill	10.194557	18.779939	NaN	NaN	70.693498	0.000000
332	Spectrogram 1	3	3990.020000	3990.360000	4000.000000	18000.000000	8000.000000	Trill	7.355401	11.698909	NaN	NaN	38.941379	0.000000
333	Spectrogram 1	3	4041.300000	4041.770000	4000.000000	18000.000000	8000.000000	Trill	9.519502	14.419626	NaN	NaN	59.566019	0.000000
334	Spectrogram 1	3	4119.400000	4120.230000	4000.000000	18000.000000	8000.000000	Trillphee	11.848595	22.785443	NaN	NaN	115.966294	0.000000
335	Spectrogram 1	3	4128.670000	4128.740000	4000.000000	18000.000000	8000.000000	Phee	7.372945	15.092353	NaN	NaN	38.845046	0.000000
336	Spectrogram 1	3	4145.210000	4145.280000	4000.000000	18000.000000	8000.000000	Twitter	9.619072	17.691837	NaN	NaN	62.193485	0.000000
337	Spectrogram 1	3	4216.070000	4216.460000	4000.000000	18000.000000	8000.000000	Trill	8.040873	13.838797	NaN	NaN	56.092488	0.000000
338	Spectrogram 1	3	4218.890000	4219.200000	4000.000000	18000.000000	8000.000000	Trillphee	8.164693	12.785120	NaN	NaN	50.863532	0.000000
339	Spectrogram 1	3	4222.150000	4222.320000	4000.000000	18000.000000	8000.000000	Trill	9.519170	14.517916	NaN	NaN	60.468240	0.000000
340	Spectrogram 1	3	4223.920000	4223.990000	4000.000000	18000.000000	8000.000000	Trill	7.620974	12.554244	NaN	NaN	53.896849	0.000000
341	Spectrogram 1	3	4236.020000	4236.480000	4000.000000	18000.000000	8000.000000	Phee	12.620496	20.945719	NaN	NaN	84.142252	0.000000
342	Spectrogram 1	3	4299.900000	4300.080000	4000.000000	18000.000000	8000.000000	Trill	8.549393	13.082530	NaN	NaN	58.946325	0.000000
343	Spectrogram 1	3	4301.530000	4301.750000	4000.000000	18000.000000	8000.000000	Trill	7.611224	12.152171	NaN	NaN	59.651951	0.000000
344	Spectrogram 1	3	4329.260000	4329.510000	4000.000000	18000.000000	8000.000000	Trillphee	7.603855	13.670595	NaN	NaN	62.610098	0.000000
345	Spectrogram 1	3	4329.680000	4329.890000	4000.000000	18000.000000	8000.000000	Phee	8.519391	18.238045	NaN	NaN	104.090054	0.000000
346	Spectrogram 1	3	4330.100000	4330.130000	4000.000000	18000.000000	8000.000000	Phee	8.978307	16.278503	NaN	NaN	59.745622	0.000000
347	Spectrogram 1	3	4351.710000	4351.780000	4000.000000	18000.000000	8000.000000	Phee	8.067250	12.967527	NaN	NaN	73.230673	0.000000
348	Spectrogram 1	3	4427.250000	4427.280000	4000.000000	18000.000000	8000.000000	Twitter	11.450669	21.128721	NaN	NaN	67.069534	0.000000
349	Spectrogram 1	3	4427.370000	4427.420000	4000.000000	18000.000000	8000.000000	Twitter	8.534109	17.103510	NaN	NaN	45.699592	0.000000
350	Spectrogram 1	3	4683.620000	4685.700000	4000.000000	18000.000000	8000.000000	Trillphee	12.176364	32.045170	NaN	NaN	109.329627	0.000000
351	Spectrogram 1	3	4939.050000	4939.150000	4000.000000	18000.000000	8000.000000	Trillphee	11.406503	19.303215	NaN	NaN	104.477024	0.000000
352	Spectrogram 1	3	5096.710000	5098.360000	4000.000000	18000.000000	8000.000000	Phee	18.734597	38.827148	NaN	NaN	116.910913	0.000000
353	Spectrogram 1	3	5513.370000	5513.820000	4000.000000	18000.000000	8000.000000	Trill	7.895756	13.032006	NaN	NaN	48.883884	0.000000
354	Spectrogram 1	4	5.210000	5.260000	4000.000000	18000.000000	8000.000000	Twitter	9.224340	20.270611	NaN	NaN	57.958048	0.000000
355	Spectrogram 1	4	6.040000	6.090000	4000.000000	18000.000000	8000.000000	Twitter	8.575246	17.102944	NaN	NaN	85.034418	0.000000
356	Spectrogram 1	4	47.030000	47.210000	4000.000000	18000.000000	8000.000000	Trill	8.174680	11.825001	NaN	NaN	45.503800	0.000000
357	Spectrogram 1	4	158.470000	158.610000	4000.000000	18000.000000	8000.000000	Trill	13.306576	17.811359	NaN	NaN	89.087364	0.000000
358	Spectrogram 1	4	280.790000	281.010000	4000.000000	18000.000000	8000.000000	Trill	8.831056	14.681950	NaN	NaN	65.901426	0.000000
359	Spectrogram 1	4	453.150000	453.480000	4000.000000	18000.000000	8000.000000	Phee	7.162889	12.977447	NaN	NaN	72.735855	0.000000
360	Spectrogram 1	4	489.000000	489.280000	4000.000000	18000.000000	8000.000000	Trill	14.334727	22.214338	NaN	NaN	127.444315	0.000000
361	Spectrogram 1	4	540.550000	542.660000	4000.000000	18000.000000	8000.000000	Trillphee	8.374570	19.321665	NaN	NaN	99.407965	0.000000
362	Spectrogram 1	4	746.300000	746.720000	4000.000000	18000.000000	8000.000000	Trill	7.695351	13.126237	NaN	NaN	54.884603	0.000000
363	Spectrogram 1	4	775.720000	775.800000	4000.000000	18000.000000	8000.000000	Phee	9.070434	12.992385	NaN	NaN	41.009029	0.000000
364	Spectrogram 1	4	801.210000	801.440000	4000.000000	18000.000000	8000.000000	Trill	7.594711	11.479363	NaN	NaN	47.830285	0.000000
365	Spectrogram 1	4	837.450000	837.530000	4000.000000	18000.000000	8000.000000	Twitter	8.880236	18.643930	NaN	NaN	47.962960	0.000000
366	Spectrogram 1	4	837.620000	838.350000	4000.000000	18000.000000	8000.000000	Twitter	7.774139	16.427834	NaN	NaN	52.986458	0.000000
367	Spectrogram 1	4	1017.720000	1017.750000	4000.000000	18000.000000	8000.000000	Twitter	9.295103	10.118663	NaN	NaN	36.050685	0.000000
368	Spectrogram 1	4	1352.410000	1352.470000	4000.000000	18000.000000	8000.000000	Twitter	8.660324	20.511601	NaN	NaN	63.930048	0.000000
369	Spectrogram 1	4	1367.240000	1367.430000	4000.000000	18000.000000	8000.000000	Trill	9.079901	13.865753	NaN	NaN	56.080708	0.000000
370	Spectrogram 1	4	1370.570000	1370.780000	4000.000000	18000.000000	8000.000000	Trill	9.727436	12.464469	NaN	NaN	55.671554	0.000000
371	Spectrogram 1	4	1730.370000	1730.420000	4000.000000	18000.000000	8000.000000	Twitter	7.163454	23.554895	NaN	NaN	118.217305	0.000000
372	Spectrogram 1	4	1730.500000	1730.750000	4000.000000	18000.000000	8000.000000	Twitter	7.718511	25.706451	NaN	NaN	136.197209	0.000000
373	Spectrogram 1	4	2246.870000	2247.280000	4000.000000	18000.000000	8000.000000	Trill	9.509924	15.108384	NaN	NaN	78.618609	0.000000
374	Spectrogram 1	4	2249.920000	2249.960000	4000.000000	18000.000000	8000.000000	Twitter	8.526601	9.971387	NaN	NaN	41.609436	0.000000
375	Spectrogram 1	4	2250.080000	2250.870000	4000.000000	18000.000000	8000.000000	Twitter	7.559589	16.448524	NaN	NaN	58.432384	0.000000
376	Spectrogram 1	4	2397.200000	2397.590000	4000.000000	18000.000000	8000.000000	Trill	8.540538	8.869856	NaN	NaN	52.131190	0.000000
377	Spectrogram 1	4	2398.260000	2398.810000	4000.000000	18000.000000	8000.000000	Trill	7.979312	12.347977	NaN	NaN	75.416173	0.000000
378	Spectrogram 1	4	2606.410000	2606.440000	4000.000000	18000.000000	8000.000000	Twitter	9.808803	23.025375	NaN	NaN	88.011717	0.000000
379	Spectrogram 1	4	2932.750000	2933.230000	4000.000000	18000.000000	8000.000000	Trill	7.374713	9.692139	NaN	NaN	62.386359	0.000000
380	Spectrogram 1	4	3219.250000	3219.400000	4000.000000	18000.000000	8000.000000	Trill	7.358611	10.686436	NaN	NaN	54.006192	0.000000
381	Spectrogram 1	4	3236.640000	3236.830000	4000.000000	18000.000000	8000.000000	Trill	7.229709	10.788242	NaN	NaN	63.766563	0.000000
382	Spectrogram 1	4	3252.000000	3252.480000	4000.000000	18000.000000	8000.000000	Trill	8.625791	15.394505	NaN	NaN	66.281584	0.000000
383	Spectrogram 1	4	3254.390000	3254.450000	4000.000000	18000.000000	8000.000000	Trill	8.867867	11.265136	NaN	NaN	47.117800	0.000000
384	Spectrogram 1	4	3287.630000	3287.930000	4000.000000	18000.000000	8000.000000	Trill	8.670747	13.721502	NaN	NaN	72.587887	0.000000
385	Spectrogram 1	4	3540.920000	3541.170000	4000.000000	18000.000000	8000.000000	Trill	9.463577	14.822296	NaN	NaN	74.100925	0.000000
386	Spectrogram 1	4	3543.090000	3543.550000	4000.000000	18000.000000	8000.000000	Trill	7.254355	10.783157	NaN	NaN	54.137854	0.000000
387	Spectrogram 1	4	3570.320000	3570.350000	4000.000000	18000.000000	8000.000000	Twitter	8.066403	7.639357	NaN	NaN	36.047947	0.000000
388	Spectrogram 1	4	3586.610000	3586.800000	4000.000000	18000.000000	8000.000000	Trill	7.347044	13.181681	NaN	NaN	59.548704	0.000000
389	Spectrogram 1	4	3740.240000	3740.320000	4000.000000	18000.000000	8000.000000	Trillphee	8.891978	15.228269	NaN	NaN	77.971848	0.000000
390	Spectrogram 1	4	3740.380000	3740.440000	4000.000000	18000.000000	8000.000000	Trillphee	8.638285	13.591578	NaN	NaN	80.223105	0.000000
391	Spectrogram 1	4	3772.450000	3772.770000	4000.000000	18000.000000	8000.000000	Trill	11.562445	18.614173	NaN	NaN	93.125518	0.000000
392	Spectrogram 1	4	3853.750000	3853.790000	4000.000000	18000.000000	8000.000000	Twitter	6.964015	15.127696	NaN	NaN	61.489144	0.000000
393	Spectrogram 1	4	3874.240000	3874.460000	4000.000000	18000.000000	8000.000000	Trillphee	13.531591	19.407920	NaN	NaN	107.514292	0.000000
394	Spectrogram 1	4	3887.740000	3888.150000	4000.000000	18000.000000	8000.000000	Trillphee	13.892313	20.544537	NaN	NaN	128.922518	0.000000
395	Spectrogram 1	4	3924.030000	3924.460000	4000.000000	18000.000000	8000.000000	Trill	8.130947	13.806416	NaN	NaN	78.008292	0.000000
396	Spectrogram 1	4	4214.520000	4215.460000	4000.000000	18000.000000	8000.000000	Twitter	7.620447	16.585914	NaN	NaN	52.103987	0.000000
397	Spectrogram 1	4	4380.010000	4380.260000	4000.000000	18000.000000	8000.000000	Phee	7.610558	13.941224	NaN	NaN	96.568429	0.000000
398	Spectrogram 1	4	4401.690000	4401.930000	4000.000000	18000.000000	8000.000000	Trill	7.210524	13.523482	NaN	NaN	65.899499	0.000000
399	Spectrogram 1	4	4576.370000	4576.810000	4000.000000	18000.000000	8000.000000	Trill	7.157094	13.370283	NaN	NaN	59.750084	0.000000
400	Spectrogram 1	4	4598.510000	4598.950000	4000.000000	18000.000000	8000.000000	Trill	7.650525	12.841541	NaN	NaN	66.478571	0.000000
401	Spectrogram 1	4	4710.070000	4710.100000	4000.000000	18000.000000	8000.000000	Twitter	8.134049	20.238691	NaN	NaN	62.882273	0.000000
402	Spectrogram 1	4	4880.170000	4880.200000	4000.000000	18000.000000	8000.000000	Twitter	8.088981	25.186434	NaN	NaN	67.718066	0.000000
403	Spectrogram 1	4	4891.730000	4891.760000	4000.000000	18000.000000	8000.000000	Twitter	9.692423	24.324110	NaN	NaN	127.837144	0.000000
404	Spectrogram 1	4	4928.190000	4928.220000	4000.000000	18000.000000	8000.000000	Twitter	7.031426	23.293859	NaN	NaN	65.997262	0.000000
405	Spectrogram 1	4	5001.870000	5001.900000	4000.000000	18000.000000	8000.000000	Twitter	9.684950	21.136578	NaN	NaN	68.564476	0.000000
406	Spectrogram 1	4	5044.630000	5044.660000	4000.000000	18000.000000	8000.000000	Twitter	9.802031	21.630147	NaN	NaN	76.634477	0.000000
407	Spectrogram 1	4	5056.110000	5056.140000	4000.000000	18000.000000	8000.000000	Twitter	7.792854	22.794927	NaN	NaN	55.753784	0.000000
408	Spectrogram 1	4	5056.620000	5056.650000	4000.000000	18000.000000	8000.000000	Twitter	7.223116	21.224925	NaN	NaN	66.183073	0.000000
409	Spectrogram 1	4	5191.420000	5191.800000	4000.000000	18000.000000	8000.000000	Phee	7.199385	13.141908	NaN	NaN	51.772369	0.000000
