Selection	View	Channel	Begin Time (s)	End Time (s)	Low Freq (Hz)	High Freq (Hz)	Max Freq (Hz)	Call Type	Energy Diff	Energy Par	Energy Diff (wl)	Energy Par (wl)	AHR	Exception
1	Spectrogram 1	1	22.660000	22.750000	4000.000000	18000.000000	8000.000000	Trill	7.532962	11.413082	NaN	NaN	53.549762	0.000000
2	Spectrogram 1	1	33.700000	34.070000	4000.000000	18000.000000	8000.000000	Trill	10.556158	14.981133	NaN	NaN	66.599195	0.000000
3	Spectrogram 1	1	37.360000	37.390000	4000.000000	18000.000000	8000.000000	Trill	8.278919	10.709091	NaN	NaN	43.935887	0.000000
4	Spectrogram 1	1	58.720000	59.070000	4000.000000	18000.000000	8000.000000	Trillphee	11.692799	22.118850	NaN	NaN	121.069938	0.000000
5	Spectrogram 1	1	60.010000	60.280000	4000.000000	18000.000000	8000.000000	Phee	10.202520	19.272416	NaN	NaN	98.858288	0.000000
6	Spectrogram 1	1	62.940000	63.300000	4000.000000	18000.000000	8000.000000	Trill	8.902114	11.643410	NaN	NaN	58.187462	0.000000
7	Spectrogram 1	1	96.240000	96.470000	4000.000000	18000.000000	8000.000000	Trill	8.603730	14.693879	NaN	NaN	64.516806	0.000000
8	Spectrogram 1	1	96.550000	96.730000	4000.000000	18000.000000	8000.000000	Trill	7.141341	11.078279	NaN	NaN	52.893810	0.000000
9	Spectrogram 1	1	113.590000	113.830000	4000.000000	18000.000000	8000.000000	Trill	7.281782	10.563268	NaN	NaN	45.052191	0.000000
10	Spectrogram 1	1	120.820000	121.120000	4000.000000	18000.000000	8000.000000	Trill	8.261727	14.606747	NaN	NaN	66.114701	0.000000
11	Spectrogram 1	1	121.180000	121.240000	4000.000000	18000.000000	8000.000000	Trill	8.913264	13.618108	NaN	NaN	66.072613	0.000000
12	Spectrogram 1	1	128.860000	128.890000	4000.000000	18000.000000	8000.000000	Twitter	13.696164	21.284589	NaN	NaN	81.231610	0.000000
13	Spectrogram 1	1	137.340000	137.570000	4000.000000	18000.000000	8000.000000	Trill	10.978805	14.295792	NaN	NaN	61.572913	0.000000
14	Spectrogram 1	1	173.730000	174.110000	4000.000000	18000.000000	8000.000000	Trill	7.852115	12.404691	NaN	NaN	57.467327	0.000000
15	Spectrogram 1	1	196.900000	197.180000	4000.000000	18000.000000	8000.000000	Trill	8.264351	11.514388	NaN	NaN	51.666787	0.000000
16	Spectrogram 1	1	217.390000	217.520000	4000.000000	18000.000000	8000.000000	Trill	11.522522	13.351949	NaN	NaN	62.948304	0.000000
17	Spectrogram 1	1	252.600000	252.660000	4000.000000	18000.000000	8000.000000	Trillphee	7.374520	12.799050	NaN	NaN	55.395252	0.000000
18	Spectrogram 1	1	269.480000	269.870000	4000.000000	18000.000000	8000.000000	Trill	10.150596	17.945421	NaN	NaN	74.731712	0.000000
19	Spectrogram 1	1	269.950000	270.020000	4000.000000	18000.000000	8000.000000	Trillphee	10.007171	17.684731	NaN	NaN	81.968029	0.000000
20	Spectrogram 1	1	270.110000	270.470000	4000.000000	18000.000000	8000.000000	P-peep	7.252752	14.225743	NaN	NaN	74.098097	0.000000
21	Spectrogram 1	1	270.580000	270.630000	4000.000000	18000.000000	8000.000000	P-peep	9.932604	16.281304	NaN	NaN	82.811782	0.000000
22	Spectrogram 1	1	278.020000	278.290000	4000.000000	18000.000000	8000.000000	Trill	10.292675	15.086631	NaN	NaN	71.288482	0.000000
23	Spectrogram 1	1	296.700000	296.740000	4000.000000	18000.000000	8000.000000	Tse	12.086012	13.258809	NaN	NaN	42.018745	0.000000
24	Spectrogram 1	1	299.650000	299.840000	4000.000000	18000.000000	8000.000000	Trill	9.464203	16.808555	NaN	NaN	65.665056	0.000000
25	Spectrogram 1	1	301.610000	301.700000	4000.000000	18000.000000	8000.000000	Trill	12.423808	18.559843	NaN	NaN	80.165430	0.000000
26	Spectrogram 1	1	308.130000	308.460000	4000.000000	18000.000000	8000.000000	Trill	13.944688	20.998995	NaN	NaN	88.718196	0.000000
27	Spectrogram 1	1	316.180000	316.240000	4000.000000	18000.000000	8000.000000	Tse	8.398608	14.383663	NaN	NaN	61.411270	0.000000
28	Spectrogram 1	1	350.450000	350.530000	4000.000000	18000.000000	8000.000000	Trillphee	8.577354	14.370137	NaN	NaN	63.471425	0.000000
29	Spectrogram 1	1	364.050000	364.090000	4000.000000	18000.000000	8000.000000	Twitter	12.450469	25.338524	NaN	NaN	82.753815	0.000000
30	Spectrogram 1	1	364.160000	364.950000	4000.000000	18000.000000	8000.000000	Twitter	7.569252	15.642086	NaN	NaN	44.062749	0.000000
31	Spectrogram 1	1	368.890000	369.040000	4000.000000	18000.000000	8000.000000	Trill	8.923419	11.839109	NaN	NaN	50.879552	0.000000
32	Spectrogram 1	1	378.250000	378.450000	4000.000000	18000.000000	8000.000000	Trill	10.110524	14.807492	NaN	NaN	62.397748	0.000000
33	Spectrogram 1	1	379.800000	379.950000	4000.000000	18000.000000	8000.000000	Trillphee	12.423721	16.532855	NaN	NaN	76.125155	0.000000
34	Spectrogram 1	1	382.060000	382.600000	4000.000000	18000.000000	8000.000000	Trill	11.205373	16.853499	NaN	NaN	76.836766	0.000000
35	Spectrogram 1	1	384.040000	384.220000	4000.000000	18000.000000	8000.000000	Trill	12.661817	15.946400	NaN	NaN	75.984417	0.000000
36	Spectrogram 1	1	385.140000	385.620000	4000.000000	18000.000000	8000.000000	Trill	7.719300	12.527072	NaN	NaN	50.336936	0.000000
37	Spectrogram 1	1	396.220000	396.650000	4000.000000	18000.000000	8000.000000	Trill	7.981190	15.125500	NaN	NaN	58.801221	0.000000
38	Spectrogram 1	1	402.150000	402.490000	4000.000000	18000.000000	8000.000000	Trill	9.565133	16.061386	NaN	NaN	69.580956	0.000000
39	Spectrogram 1	1	404.910000	405.030000	4000.000000	18000.000000	8000.000000	Trill	8.297472	14.129073	NaN	NaN	55.410923	0.000000
40	Spectrogram 1	1	431.270000	431.880000	4000.000000	18000.000000	8000.000000	Trill	11.930190	20.177339	NaN	NaN	94.355029	0.000000
41	Spectrogram 1	1	480.290000	480.560000	4000.000000	18000.000000	8000.000000	Trill	8.885530	13.482125	NaN	NaN	59.075355	0.000000
42	Spectrogram 1	1	502.820000	503.140000	4000.000000	18000.000000	8000.000000	Trill	8.371021	14.390853	NaN	NaN	46.155087	0.000000
43	Spectrogram 1	1	507.340000	507.530000	4000.000000	18000.000000	8000.000000	Trill	7.148402	13.106086	NaN	NaN	41.248115	0.000000
44	Spectrogram 1	1	516.890000	517.240000	4000.000000	18000.000000	8000.000000	Trill	8.870740	12.661661	NaN	NaN	52.383342	0.000000
45	Spectrogram 1	1	517.610000	517.850000	4000.000000	18000.000000	8000.000000	Trill	7.315092	10.999884	NaN	NaN	56.455838	0.000000
46	Spectrogram 1	1	531.460000	531.530000	4000.000000	18000.000000	8000.000000	Trillphee	9.012503	15.415158	NaN	NaN	77.208922	0.000000
47	Spectrogram 1	1	532.720000	532.850000	4000.000000	18000.000000	8000.000000	Trill	9.639955	15.397527	NaN	NaN	75.965915	0.000000
48	Spectrogram 1	1	533.390000	533.640000	4000.000000	18000.000000	8000.000000	Sd-peep	7.549520	11.208045	NaN	NaN	40.744409	0.000000
49	Spectrogram 1	1	664.990000	665.340000	4000.000000	18000.000000	8000.000000	Trill	8.804708	16.279589	NaN	NaN	62.079547	0.000000
50	Spectrogram 1	1	682.130000	682.250000	4000.000000	18000.000000	8000.000000	Twitter	10.028323	19.643099	NaN	NaN	73.846840	0.000000
51	Spectrogram 1	1	733.110000	733.430000	4000.000000	18000.000000	8000.000000	Trill	9.090552	13.713050	NaN	NaN	52.045145	0.000000
52	Spectrogram 1	1	894.870000	895.020000	4000.000000	18000.000000	8000.000000	P-peep	10.335542	15.817661	NaN	NaN	86.074412	0.000000
53	Spectrogram 1	1	918.040000	918.730000	4000.000000	18000.000000	8000.000000	Trillphee	7.165027	17.996213	NaN	NaN	77.750921	0.000000
54	Spectrogram 1	1	918.800000	918.860000	4000.000000	18000.000000	8000.000000	P-peep	7.100904	15.599990	NaN	NaN	74.996961	0.000000
55	Spectrogram 1	1	979.810000	980.410000	4000.000000	18000.000000	8000.000000	Trillphee	8.316018	17.728280	NaN	NaN	81.981185	0.000000
56	Spectrogram 1	1	1053.230000	1053.300000	4000.000000	18000.000000	8000.000000	Trill	9.611302	14.934439	NaN	NaN	72.821516	0.000000
57	Spectrogram 1	1	1056.570000	1057.510000	4000.000000	18000.000000	8000.000000	Trillphee	9.698145	22.247375	NaN	NaN	93.689044	0.000000
58	Spectrogram 1	1	1319.250000	1319.290000	4000.000000	18000.000000	8000.000000	Tse	8.489628	15.162348	NaN	NaN	62.229070	0.000000
59	Spectrogram 1	1	1319.750000	1319.920000	4000.000000	18000.000000	8000.000000	Twitter	8.583740	16.783022	NaN	NaN	36.286127	0.000000
60	Spectrogram 1	1	1320.010000	1320.530000	4000.000000	18000.000000	8000.000000	Twitter	7.848527	16.831996	NaN	NaN	45.873359	0.000000
61	Spectrogram 1	1	1341.040000	1341.310000	4000.000000	18000.000000	8000.000000	Trill	12.244109	17.450195	NaN	NaN	75.668623	0.000000
62	Spectrogram 1	1	1347.220000	1347.300000	4000.000000	18000.000000	8000.000000	Trill	6.957129	12.995687	NaN	NaN	55.926062	0.000000
63	Spectrogram 1	1	1366.650000	1366.940000	4000.000000	18000.000000	8000.000000	Trill	7.202929	15.352776	NaN	NaN	47.998524	0.000000
64	Spectrogram 1	1	1522.100000	1522.210000	4000.000000	18000.000000	8000.000000	Sd-peep	7.712074	14.183667	NaN	NaN	38.726503	0.000000
65	Spectrogram 1	1	1523.760000	1523.900000	4000.000000	18000.000000	8000.000000	Trillphee	7.065227	17.903300	NaN	NaN	58.368990	0.000000
66	Spectrogram 1	1	1525.380000	1525.730000	4000.000000	18000.000000	8000.000000	P-peep	6.993166	19.559168	NaN	NaN	68.001467	0.000000
67	Spectrogram 1	1	1526.470000	1526.530000	4000.000000	18000.000000	8000.000000	Trill	7.361781	13.913801	NaN	NaN	51.016845	0.000000
68	Spectrogram 1	1	1539.150000	1539.220000	4000.000000	18000.000000	8000.000000	Trillphee	8.664146	16.420586	NaN	NaN	51.080377	0.000000
69	Spectrogram 1	1	1605.210000	1605.700000	4000.000000	18000.000000	8000.000000	Trill	7.526690	14.704451	NaN	NaN	45.203220	0.000000
70	Spectrogram 1	1	1610.230000	1610.400000	4000.000000	18000.000000	8000.000000	Trill	7.030616	12.546916	NaN	NaN	46.556857	0.000000
71	Spectrogram 1	1	1622.220000	1622.510000	4000.000000	18000.000000	8000.000000	Trill	7.533142	13.086827	NaN	NaN	51.893369	0.000000
72	Spectrogram 1	1	1634.870000	1635.330000	4000.000000	18000.000000	8000.000000	Trill	8.468231	17.163210	NaN	NaN	59.821094	0.000000
73	Spectrogram 1	1	1649.030000	1649.240000	4000.000000	18000.000000	8000.000000	Trill	9.347743	19.492983	NaN	NaN	71.108254	0.000000
74	Spectrogram 1	1	1653.280000	1654.720000	4000.000000	18000.000000	8000.000000	Twitter	7.368738	17.917953	NaN	NaN	42.254018	0.000000
75	Spectrogram 1	1	1670.910000	1671.080000	4000.000000	18000.000000	8000.000000	Trill	9.176574	18.292613	NaN	NaN	66.798328	0.000000
76	Spectrogram 1	1	1673.190000	1673.410000	4000.000000	18000.000000	8000.000000	Trillphee	7.262639	17.320056	NaN	NaN	64.066432	0.000000
77	Spectrogram 1	1	1673.680000	1673.830000	4000.000000	18000.000000	8000.000000	Trill	9.058303	15.228653	NaN	NaN	57.692346	0.000000
78	Spectrogram 1	1	1678.800000	1678.890000	4000.000000	18000.000000	8000.000000	Trillphee	8.402312	19.515493	NaN	NaN	66.549994	0.000000
79	Spectrogram 1	1	1684.710000	1684.960000	4000.000000	18000.000000	8000.000000	Trillphee	7.077149	18.743892	NaN	NaN	68.202375	0.000000
80	Spectrogram 1	1	1685.960000	1686.070000	4000.000000	18000.000000	8000.000000	Trill	9.090988	15.234324	NaN	NaN	65.180975	0.000000
81	Spectrogram 1	1	1731.340000	1731.500000	4000.000000	18000.000000	8000.000000	Trillphee	7.569722	12.853433	NaN	NaN	73.925522	0.000000
82	Spectrogram 1	1	1776.980000	1777.250000	4000.000000	18000.000000	8000.000000	Trill	7.433531	14.821831	NaN	NaN	50.041349	0.000000
83	Spectrogram 1	1	1790.080000	1790.170000	4000.000000	18000.000000	8000.000000	Trill	8.727057	14.763508	NaN	NaN	74.402744	0.000000
84	Spectrogram 1	1	1797.520000	1797.610000	4000.000000	18000.000000	8000.000000	Trillphee	7.707407	15.741433	NaN	NaN	67.292326	0.000000
85	Spectrogram 1	1	1821.020000	1821.100000	4000.000000	18000.000000	8000.000000	Trillphee	10.608071	18.357495	NaN	NaN	92.438436	0.000000
86	Spectrogram 1	1	1898.950000	1899.410000	4000.000000	18000.000000	8000.000000	Trill	7.753022	15.339040	NaN	NaN	44.079153	0.000000
87	Spectrogram 1	1	1930.160000	1931.910000	4000.000000	18000.000000	8000.000000	Phee	21.225936	41.529271	NaN	NaN	177.121807	0.000000
88	Spectrogram 1	1	2158.220000	2158.750000	4000.000000	18000.000000	8000.000000	Trill	12.202945	19.582756	NaN	NaN	89.714719	0.000000
89	Spectrogram 1	1	2369.490000	2369.640000	4000.000000	18000.000000	8000.000000	Trill	9.219400	16.329437	NaN	NaN	69.620796	0.000000
90	Spectrogram 1	1	2418.980000	2419.700000	4000.000000	18000.000000	8000.000000	Trillphee	10.297877	19.190973	NaN	NaN	88.498318	0.000000
91	Spectrogram 1	1	2420.800000	2420.900000	4000.000000	18000.000000	8000.000000	Twitter	9.361142	17.520420	NaN	NaN	73.517759	0.000000
92	Spectrogram 1	1	2492.170000	2493.130000	4000.000000	18000.000000	8000.000000	Twitter	7.437479	16.532989	NaN	NaN	44.610118	0.000000
93	Spectrogram 1	1	2518.930000	2519.230000	4000.000000	18000.000000	8000.000000	Trill	10.225894	15.215480	NaN	NaN	62.887472	0.000000
94	Spectrogram 1	1	2520.750000	2520.940000	4000.000000	18000.000000	8000.000000	Trill	9.477668	17.277540	NaN	NaN	55.875985	0.000000
95	Spectrogram 1	1	2565.780000	2565.970000	4000.000000	18000.000000	8000.000000	Trill	7.387349	12.764010	NaN	NaN	56.773849	0.000000
96	Spectrogram 1	1	2634.950000	2636.690000	4000.000000	18000.000000	8000.000000	Trillphee	9.461548	31.465959	NaN	NaN	84.793960	0.000000
97	Spectrogram 1	1	2650.700000	2650.770000	4000.000000	18000.000000	8000.000000	Trill	16.822502	23.266927	NaN	NaN	98.064266	0.000000
98	Spectrogram 1	1	2661.240000	2663.380000	4000.000000	18000.000000	8000.000000	Trillphee	11.396488	30.893625	NaN	NaN	136.878090	0.000000
99	Spectrogram 1	1	2813.680000	2813.780000	4000.000000	18000.000000	8000.000000	Trillphee	7.269609	15.576312	NaN	NaN	55.691679	0.000000
100	Spectrogram 1	1	2876.960000	2877.240000	4000.000000	18000.000000	8000.000000	Trill	10.115853	19.314625	NaN	NaN	76.630802	0.000000
101	Spectrogram 1	1	2881.950000	2882.170000	4000.000000	18000.000000	8000.000000	Trill	14.513747	24.105548	NaN	NaN	103.515609	0.000000
102	Spectrogram 1	1	2893.740000	2893.920000	4000.000000	18000.000000	8000.000000	Trill	13.611297	23.010744	NaN	NaN	115.357230	0.000000
103	Spectrogram 1	1	3102.430000	3102.520000	4000.000000	18000.000000	8000.000000	Trillphee	9.369027	21.274944	NaN	NaN	85.581850	0.000000
104	Spectrogram 1	1	3144.820000	3144.950000	4000.000000	18000.000000	8000.000000	Tse	10.656299	18.973382	NaN	NaN	78.368843	0.000000
105	Spectrogram 1	1	3146.530000	3146.830000	4000.000000	18000.000000	8000.000000	Trill	8.681678	14.757449	NaN	NaN	42.361707	0.000000
106	Spectrogram 1	1	3150.380000	3150.490000	4000.000000	18000.000000	8000.000000	P-peep	8.874094	15.548533	NaN	NaN	62.863097	0.000000
107	Spectrogram 1	1	3151.890000	3152.100000	4000.000000	18000.000000	8000.000000	P-peep	7.459755	17.559624	NaN	NaN	65.922161	0.000000
108	Spectrogram 1	1	3153.990000	3154.080000	4000.000000	18000.000000	8000.000000	P-peep	7.935633	19.037022	NaN	NaN	84.222515	0.000000
109	Spectrogram 1	1	3159.630000	3159.700000	4000.000000	18000.000000	8000.000000	Trillphee	8.703865	12.898202	NaN	NaN	67.298591	0.000000
110	Spectrogram 1	1	3160.010000	3160.210000	4000.000000	18000.000000	8000.000000	Sd-peep	7.593482	17.155383	NaN	NaN	42.684736	0.000000
111	Spectrogram 1	1	3220.660000	3222.820000	4000.000000	18000.000000	8000.000000	Phee	21.769616	43.177642	NaN	NaN	160.187434	0.000000
112	Spectrogram 1	1	3235.340000	3235.440000	4000.000000	18000.000000	8000.000000	Twitter	10.872864	25.465142	NaN	NaN	77.072035	0.000000
113	Spectrogram 1	1	3235.490000	3236.540000	4000.000000	18000.000000	8000.000000	Twitter	7.136714	16.674722	NaN	NaN	38.983077	0.000000
114	Spectrogram 1	1	3269.190000	3270.010000	4000.000000	18000.000000	8000.000000	Trillphee	9.220950	22.822773	NaN	NaN	98.431160	0.000000
115	Spectrogram 1	1	3681.840000	3682.460000	4000.000000	18000.000000	8000.000000	Trill	10.979989	18.928033	NaN	NaN	74.634385	0.000000
116	Spectrogram 1	1	3822.130000	3824.370000	4000.000000	18000.000000	8000.000000	Trillphee	9.761209	30.814175	NaN	NaN	134.389394	0.000000
117	Spectrogram 1	1	4064.740000	4065.960000	4000.000000	18000.000000	8000.000000	P-peep	9.126575	25.019757	NaN	NaN	100.187826	0.000000
118	Spectrogram 1	1	4113.550000	4113.880000	4000.000000	18000.000000	8000.000000	P-peep	7.255556	16.296927	NaN	NaN	81.935161	0.000000
119	Spectrogram 1	1	4114.550000	4114.610000	4000.000000	18000.000000	8000.000000	Trill	7.298545	10.150280	NaN	NaN	46.131512	0.000000
120	Spectrogram 1	1	4119.920000	4119.990000	4000.000000	18000.000000	8000.000000	Trillphee	13.162458	20.822035	NaN	NaN	99.274956	0.000000
121	Spectrogram 1	1	4124.190000	4124.270000	4000.000000	18000.000000	8000.000000	Tse	19.508625	27.082863	NaN	NaN	135.486754	0.000000
122	Spectrogram 1	1	4126.350000	4126.590000	4000.000000	18000.000000	8000.000000	P-peep	13.580921	20.303424	NaN	NaN	115.631971	0.000000
123	Spectrogram 1	1	4126.720000	4126.800000	4000.000000	18000.000000	8000.000000	P-peep	10.526093	24.295627	NaN	NaN	51.903270	0.000000
124	Spectrogram 1	1	4127.010000	4127.100000	4000.000000	18000.000000	8000.000000	P-peep	16.173306	28.793782	NaN	NaN	134.884269	0.000000
125	Spectrogram 1	1	4161.180000	4161.570000	4000.000000	18000.000000	8000.000000	Trillphee	7.030774	16.796997	NaN	NaN	53.352042	0.000000
126	Spectrogram 1	1	4360.420000	4360.490000	4000.000000	18000.000000	8000.000000	Trillphee	9.892873	17.649678	NaN	NaN	83.569876	0.000000
127	Spectrogram 1	1	4507.980000	4508.670000	4000.000000	18000.000000	8000.000000	P-peep	8.641176	22.325109	NaN	NaN	88.790120	0.000000
128	Spectrogram 1	1	4554.330000	4554.560000	4000.000000	18000.000000	8000.000000	Trill	9.784728	17.383680	NaN	NaN	68.270199	0.000000
129	Spectrogram 1	1	4851.240000	4851.530000	4000.000000	18000.000000	8000.000000	Phee	10.556441	21.968855	NaN	NaN	100.798336	0.000000
130	Spectrogram 1	1	4877.140000	4879.400000	4000.000000	18000.000000	8000.000000	Phee	18.623036	39.028158	NaN	NaN	116.964566	0.000000
131	Spectrogram 1	1	4936.380000	4937.030000	4000.000000	18000.000000	8000.000000	Trillphee	8.056839	21.324142	NaN	NaN	86.848973	0.000000
132	Spectrogram 1	1	5119.490000	5119.960000	4000.000000	18000.000000	8000.000000	Trill	8.035095	13.235647	NaN	NaN	49.934143	0.000000
133	Spectrogram 1	1	5120.150000	5120.380000	4000.000000	18000.000000	8000.000000	Trill	7.009561	12.007424	NaN	NaN	51.087921	0.000000
134	Spectrogram 1	1	5184.700000	5184.790000	4000.000000	18000.000000	8000.000000	Twitter	9.211432	22.223491	NaN	NaN	51.999685	0.000000
135	Spectrogram 1	1	5184.830000	5185.990000	4000.000000	18000.000000	8000.000000	Twitter	8.230669	18.287748	NaN	NaN	36.840318	0.000000
136	Spectrogram 1	1	5207.690000	5208.070000	4000.000000	18000.000000	8000.000000	Phee	7.396793	14.882714	NaN	NaN	62.056329	0.000000
137	Spectrogram 1	1	5209.600000	5209.640000	4000.000000	18000.000000	8000.000000	P-peep	8.724438	12.405770	NaN	NaN	69.865405	0.000000
138	Spectrogram 1	1	5229.410000	5229.690000	4000.000000	18000.000000	8000.000000	Twitter	12.068803	21.237443	NaN	NaN	75.369855	0.000000
139	Spectrogram 1	1	5229.770000	5230.660000	4000.000000	18000.000000	8000.000000	Twitter	8.335371	15.545885	NaN	NaN	38.169540	0.000000
140	Spectrogram 1	1	5295.810000	5296.830000	4000.000000	18000.000000	8000.000000	P-peep	6.998096	22.625917	NaN	NaN	74.743827	0.000000
141	Spectrogram 1	1	5300.860000	5301.120000	4000.000000	18000.000000	8000.000000	Trillphee	7.021130	14.889178	NaN	NaN	64.926837	0.000000
142	Spectrogram 1	1	5342.100000	5342.360000	4000.000000	18000.000000	8000.000000	Trill	9.466604	13.959429	NaN	NaN	67.751241	0.000000
143	Spectrogram 1	1	5415.580000	5415.830000	4000.000000	18000.000000	8000.000000	Trill	11.007440	18.456082	NaN	NaN	68.523914	0.000000
144	Spectrogram 1	1	5415.880000	5415.950000	4000.000000	18000.000000	8000.000000	Trill	8.579988	13.465363	NaN	NaN	55.748430	0.000000
145	Spectrogram 1	1	5479.860000	5480.240000	4000.000000	18000.000000	8000.000000	Trill	7.035327	13.419490	NaN	NaN	47.918486	0.000000
146	Spectrogram 1	1	5486.500000	5486.980000	4000.000000	18000.000000	8000.000000	Trill	10.668934	17.061934	NaN	NaN	74.259693	0.000000
147	Spectrogram 1	1	5517.730000	5517.970000	4000.000000	18000.000000	8000.000000	Trill	11.265474	16.366725	NaN	NaN	67.693150	0.000000
148	Spectrogram 1	1	5526.440000	5527.340000	4000.000000	18000.000000	8000.000000	Trillphee	8.087760	19.033982	NaN	NaN	85.894386	0.000000
149	Spectrogram 1	1	5539.600000	5540.040000	4000.000000	18000.000000	8000.000000	Trillphee	9.293904	18.579691	NaN	NaN	77.652241	0.000000
150	Spectrogram 1	1	5543.200000	5543.380000	4000.000000	18000.000000	8000.000000	Trill	7.466004	12.824315	NaN	NaN	45.253937	0.000000
151	Spectrogram 1	1	5599.510000	5599.600000	4000.000000	18000.000000	8000.000000	Trillphee	10.727151	16.666725	NaN	NaN	77.138700	0.000000
152	Spectrogram 1	1	5687.910000	5688.290000	4000.000000	18000.000000	8000.000000	Trillphee	10.201571	18.652519	NaN	NaN	88.154847	0.000000
153	Spectrogram 1	1	5706.280000	5706.500000	4000.000000	18000.000000	8000.000000	Trill	7.240884	11.984795	NaN	NaN	44.559735	0.000000
154	Spectrogram 1	1	5711.570000	5711.830000	4000.000000	18000.000000	8000.000000	Trill	9.011519	13.971578	NaN	NaN	62.722196	0.000000
155	Spectrogram 1	1	5713.820000	5714.320000	4000.000000	18000.000000	8000.000000	Trill	17.502190	23.355861	NaN	NaN	109.754623	0.000000
156	Spectrogram 1	1	5717.130000	5717.550000	4000.000000	18000.000000	8000.000000	Trill	11.033254	16.004083	NaN	NaN	70.652352	0.000000
157	Spectrogram 1	1	5720.100000	5720.270000	4000.000000	18000.000000	8000.000000	Trill	12.272204	19.742558	NaN	NaN	94.966282	0.000000
158	Spectrogram 1	1	5814.440000	5814.720000	4000.000000	18000.000000	8000.000000	Trill	7.430179	13.224349	NaN	NaN	48.772711	0.000000
159	Spectrogram 1	1	5848.960000	5849.250000	4000.000000	18000.000000	8000.000000	Trill	7.674544	13.774380	NaN	NaN	55.743680	0.000000
160	Spectrogram 1	1	5861.820000	5861.990000	4000.000000	18000.000000	8000.000000	Trillphee	7.165013	13.822398	NaN	NaN	60.847551	0.000000
161	Spectrogram 1	1	5916.670000	5917.140000	4000.000000	18000.000000	8000.000000	Trill	14.470846	20.881435	NaN	NaN	89.403934	0.000000
162	Spectrogram 1	1	5924.240000	5924.410000	4000.000000	18000.000000	8000.000000	Trill	7.470980	12.606465	NaN	NaN	51.470259	0.000000
163	Spectrogram 1	1	5967.430000	5968.520000	4000.000000	18000.000000	8000.000000	Trillphee	8.112121	19.233945	NaN	NaN	84.310415	0.000000
164	Spectrogram 1	1	6010.510000	6010.830000	4000.000000	18000.000000	8000.000000	Trill	10.102734	17.658767	NaN	NaN	69.906003	0.000000
165	Spectrogram 1	1	6056.100000	6056.290000	4000.000000	18000.000000	8000.000000	Trill	10.423004	11.883749	NaN	NaN	43.723855	0.000000
166	Spectrogram 1	1	6112.490000	6112.900000	4000.000000	18000.000000	8000.000000	Trill	8.398526	13.963496	NaN	NaN	57.025388	0.000000
167	Spectrogram 1	1	6197.020000	6197.420000	4000.000000	18000.000000	8000.000000	Trill	8.881534	17.454960	NaN	NaN	64.806824	0.000000
168	Spectrogram 1	1	6208.200000	6208.240000	4000.000000	18000.000000	8000.000000	Twitter	10.021506	11.397278	NaN	NaN	41.567882	0.000000
169	Spectrogram 1	1	6284.840000	6285.640000	4000.000000	18000.000000	8000.000000	Trill	16.915177	27.097711	NaN	NaN	103.432878	0.000000
170	Spectrogram 1	1	6330.260000	6330.320000	4000.000000	18000.000000	8000.000000	Trill	7.018791	13.347606	NaN	NaN	42.235282	0.000000
171	Spectrogram 1	2	7.450000	7.540000	4000.000000	18000.000000	8000.000000	Trill	8.003783	13.337058	NaN	NaN	57.886306	0.000000
172	Spectrogram 1	2	7.620000	7.680000	4000.000000	18000.000000	8000.000000	Trill	7.411082	11.109699	NaN	NaN	55.940797	0.000000
173	Spectrogram 1	2	12.040000	12.330000	4000.000000	18000.000000	8000.000000	Trill	9.043392	14.394191	NaN	NaN	73.972549	0.000000
174	Spectrogram 1	2	152.590000	152.770000	4000.000000	18000.000000	8000.000000	Trill	8.125253	15.147222	NaN	NaN	59.911405	0.000000
175	Spectrogram 1	2	328.110000	328.170000	4000.000000	18000.000000	8000.000000	Trill	8.241235	13.100938	NaN	NaN	58.301548	0.000000
176	Spectrogram 1	2	335.820000	335.910000	4000.000000	18000.000000	8000.000000	Trill	11.557298	14.941865	NaN	NaN	79.306745	0.000000
177	Spectrogram 1	2	395.630000	395.940000	4000.000000	18000.000000	8000.000000	Trill	13.938512	19.136857	NaN	NaN	83.746289	0.000000
178	Spectrogram 1	2	534.770000	535.040000	4000.000000	18000.000000	8000.000000	Trill	7.666441	12.334287	NaN	NaN	60.538090	0.000000
179	Spectrogram 1	2	541.190000	541.430000	4000.000000	18000.000000	8000.000000	Trill	7.565134	12.957400	NaN	NaN	63.105898	0.000000
180	Spectrogram 1	2	565.950000	566.040000	4000.000000	18000.000000	8000.000000	Trill	13.577078	19.363936	NaN	NaN	99.112426	0.000000
181	Spectrogram 1	2	568.600000	568.770000	4000.000000	18000.000000	8000.000000	Trill	8.123101	12.696499	NaN	NaN	53.484454	0.000000
182	Spectrogram 1	2	579.540000	579.640000	4000.000000	18000.000000	8000.000000	Trill	8.602270	15.656380	NaN	NaN	67.735610	0.000000
183	Spectrogram 1	2	586.340000	586.620000	4000.000000	18000.000000	8000.000000	Trillphee	13.107425	18.305596	NaN	NaN	89.276569	0.000000
184	Spectrogram 1	2	633.050000	633.110000	4000.000000	18000.000000	8000.000000	Sd-peep	8.832924	10.324985	NaN	NaN	41.299768	0.000000
185	Spectrogram 1	2	653.980000	654.230000	4000.000000	18000.000000	8000.000000	Trill	11.491833	15.554722	NaN	NaN	84.849400	0.000000
186	Spectrogram 1	2	812.780000	813.210000	4000.000000	18000.000000	8000.000000	Trill	9.010917	15.277611	NaN	NaN	69.854408	0.000000
187	Spectrogram 1	2	816.960000	817.040000	4000.000000	18000.000000	8000.000000	Trill	10.217945	14.898242	NaN	NaN	50.641251	0.000000
188	Spectrogram 1	2	914.570000	914.610000	4000.000000	18000.000000	8000.000000	Twitter	7.379040	14.622783	NaN	NaN	45.624777	0.000000
189	Spectrogram 1	2	1127.270000	1127.310000	4000.000000	18000.000000	8000.000000	Tse	7.881678	21.304673	NaN	NaN	77.180929	0.000000
190	Spectrogram 1	2	1411.200000	1411.410000	4000.000000	18000.000000	8000.000000	Trill	7.222534	14.735883	NaN	NaN	48.636911	0.000000
191	Spectrogram 1	2	1581.550000	1581.580000	4000.000000	18000.000000	8000.000000	Twitter	7.550019	16.850174	NaN	NaN	45.394817	0.000000
192	Spectrogram 1	2	1581.690000	1581.720000	4000.000000	18000.000000	8000.000000	Twitter	8.120231	16.637798	NaN	NaN	45.674400	0.000000
193	Spectrogram 1	2	1636.030000	1636.160000	4000.000000	18000.000000	8000.000000	Trill	11.396987	18.239430	NaN	NaN	77.639741	0.000000
194	Spectrogram 1	2	1657.170000	1657.210000	4000.000000	18000.000000	8000.000000	Twitter	7.275799	18.212026	NaN	NaN	46.403110	0.000000
195	Spectrogram 1	2	1679.860000	1679.980000	4000.000000	18000.000000	8000.000000	Trill	8.724716	15.861817	NaN	NaN	60.545336	0.000000
196	Spectrogram 1	2	1735.390000	1735.490000	4000.000000	18000.000000	8000.000000	Trill	8.134370	12.953043	NaN	NaN	59.532119	0.000000
197	Spectrogram 1	2	2016.390000	2016.440000	4000.000000	18000.000000	8000.000000	Twitter	7.435458	19.272978	NaN	NaN	59.542500	0.000000
198	Spectrogram 1	2	2022.890000	2022.920000	4000.000000	18000.000000	8000.000000	Tse	7.168105	17.361934	NaN	NaN	60.639213	0.000000
199	Spectrogram 1	2	2098.680000	2098.720000	4000.000000	18000.000000	8000.000000	Twitter	8.455565	18.371263	NaN	NaN	59.883968	0.000000
200	Spectrogram 1	2	2098.930000	2098.980000	4000.000000	18000.000000	8000.000000	Twitter	10.282609	19.428856	NaN	NaN	85.299673	0.000000
201	Spectrogram 1	2	2099.320000	2099.350000	4000.000000	18000.000000	8000.000000	Twitter	9.007884	21.097377	NaN	NaN	69.454289	0.000000
202	Spectrogram 1	2	2099.760000	2099.790000	4000.000000	18000.000000	8000.000000	Twitter	9.310905	21.026170	NaN	NaN	64.321146	0.000000
203	Spectrogram 1	2	2101.010000	2101.040000	4000.000000	18000.000000	8000.000000	Twitter	8.911834	17.158927	NaN	NaN	48.466842	0.000000
204	Spectrogram 1	2	2175.690000	2175.730000	4000.000000	18000.000000	8000.000000	Sd-peep	7.004060	11.732215	NaN	NaN	46.972502	0.000000
205	Spectrogram 1	2	2266.120000	2266.150000	4000.000000	18000.000000	8000.000000	Twitter	10.784506	20.353953	NaN	NaN	74.871969	0.000000
206	Spectrogram 1	2	2281.040000	2281.100000	4000.000000	18000.000000	8000.000000	Trill	8.341185	12.728192	NaN	NaN	63.210040	0.000000
207	Spectrogram 1	2	2313.310000	2313.430000	4000.000000	18000.000000	8000.000000	Trill	7.729302	13.328778	NaN	NaN	51.362801	0.000000
208	Spectrogram 1	2	2538.960000	2539.190000	4000.000000	18000.000000	8000.000000	Trill	12.159126	16.607698	NaN	NaN	88.685066	0.000000
209	Spectrogram 1	2	2542.330000	2542.720000	4000.000000	18000.000000	8000.000000	Trillphee	8.718597	15.912142	NaN	NaN	89.924383	0.000000
210	Spectrogram 1	2	2548.650000	2550.010000	4000.000000	18000.000000	8000.000000	Trillphee	12.325375	28.926025	NaN	NaN	152.338329	0.000000
211	Spectrogram 1	2	2656.860000	2657.140000	4000.000000	18000.000000	8000.000000	Trill	7.109831	12.037399	NaN	NaN	62.072958	0.000000
212	Spectrogram 1	2	2683.270000	2683.760000	4000.000000	18000.000000	8000.000000	Trill	10.667140	18.648446	NaN	NaN	96.091697	0.000000
213	Spectrogram 1	2	2892.690000	2892.720000	4000.000000	18000.000000	8000.000000	Tse	7.710421	13.256914	NaN	NaN	43.437118	0.000000
214	Spectrogram 1	2	3054.840000	3056.390000	4000.000000	18000.000000	8000.000000	Trillphee	7.339813	18.909821	NaN	NaN	79.178064	0.000000
215	Spectrogram 1	2	3149.430000	3149.460000	4000.000000	18000.000000	8000.000000	Twitter	8.323495	20.529126	NaN	NaN	69.231582	0.000000
216	Spectrogram 1	2	3257.130000	3257.160000	4000.000000	18000.000000	8000.000000	Twitter	7.756606	15.697352	NaN	NaN	67.652722	0.000000
217	Spectrogram 1	2	3313.900000	3316.020000	4000.000000	18000.000000	8000.000000	Trillphee	12.082906	28.959801	NaN	NaN	59.184409	0.000000
218	Spectrogram 1	2	3460.030000	3460.070000	4000.000000	18000.000000	8000.000000	Twitter	10.196496	19.515237	NaN	NaN	48.998006	0.000000
219	Spectrogram 1	2	3501.600000	3501.630000	4000.000000	18000.000000	8000.000000	Twitter	8.136356	20.000946	NaN	NaN	69.318549	0.000000
220	Spectrogram 1	2	3572.840000	3573.000000	4000.000000	18000.000000	8000.000000	Trill	8.064512	12.573988	NaN	NaN	47.284519	0.000000
221	Spectrogram 1	2	3714.940000	3715.310000	4000.000000	18000.000000	8000.000000	Trill	12.623401	17.186529	NaN	NaN	91.081823	0.000000
222	Spectrogram 1	2	3723.670000	3724.020000	4000.000000	18000.000000	8000.000000	Trill	10.374222	15.205337	NaN	NaN	74.228066	0.000000
223	Spectrogram 1	2	3737.240000	3737.810000	4000.000000	18000.000000	8000.000000	Trillphee	8.937372	14.608484	NaN	NaN	89.082533	0.000000
224	Spectrogram 1	2	3747.270000	3747.350000	4000.000000	18000.000000	8000.000000	Trill	11.141334	15.310826	NaN	NaN	69.268097	0.000000
225	Spectrogram 1	2	3821.250000	3821.490000	4000.000000	18000.000000	8000.000000	Trill	7.137091	12.436409	NaN	NaN	71.348540	0.000000
226	Spectrogram 1	2	4090.630000	4090.670000	4000.000000	18000.000000	8000.000000	Twitter	6.971176	15.166921	NaN	NaN	42.432028	0.000000
227	Spectrogram 1	2	4113.190000	4113.310000	4000.000000	18000.000000	8000.000000	Trill	8.568409	12.947894	NaN	NaN	55.928618	0.000000
228	Spectrogram 1	2	4212.450000	4213.820000	4000.000000	18000.000000	8000.000000	Trillphee	7.319498	30.449047	NaN	NaN	87.123199	0.000000
229	Spectrogram 1	2	4247.720000	4247.760000	4000.000000	18000.000000	8000.000000	Twitter	7.229235	19.352602	NaN	NaN	53.083502	0.000000
230	Spectrogram 1	2	4250.390000	4250.430000	4000.000000	18000.000000	8000.000000	Twitter	9.131363	22.310313	NaN	NaN	62.045910	0.000000
231	Spectrogram 1	2	4258.790000	4258.820000	4000.000000	18000.000000	8000.000000	Tse	7.416694	14.017447	NaN	NaN	57.409406	0.000000
232	Spectrogram 1	2	4270.980000	4271.020000	4000.000000	18000.000000	8000.000000	Tse	7.327568	16.381723	NaN	NaN	57.115053	0.000000
233	Spectrogram 1	2	4312.650000	4312.690000	4000.000000	18000.000000	8000.000000	Tse	7.246725	20.520933	NaN	NaN	71.712572	0.000000
234	Spectrogram 1	2	4644.360000	4645.080000	4000.000000	18000.000000	8000.000000	Trillphee	7.182271	14.810767	NaN	NaN	65.282946	0.000000
235	Spectrogram 1	2	4654.180000	4654.210000	4000.000000	18000.000000	8000.000000	Twitter	8.894811	18.858139	NaN	NaN	68.018691	0.000000
236	Spectrogram 1	2	4666.250000	4666.470000	4000.000000	18000.000000	8000.000000	Trill	7.065927	10.784616	NaN	NaN	46.895317	0.000000
237	Spectrogram 1	2	4770.570000	4770.600000	4000.000000	18000.000000	8000.000000	Twitter	7.130516	22.364178	NaN	NaN	65.665497	0.000000
238	Spectrogram 1	2	4777.100000	4777.150000	4000.000000	18000.000000	8000.000000	Sd-peep	7.403431	13.777748	NaN	NaN	40.970966	0.000000
239	Spectrogram 1	2	4947.900000	4947.930000	4000.000000	18000.000000	8000.000000	Twitter	8.048592	22.394712	NaN	NaN	102.531727	0.000000
240	Spectrogram 1	2	5083.440000	5083.470000	4000.000000	18000.000000	8000.000000	Twitter	8.405765	22.584598	NaN	NaN	66.634687	0.000000
241	Spectrogram 1	2	5118.230000	5118.590000	4000.000000	18000.000000	8000.000000	Trill	11.242305	18.608387	NaN	NaN	92.575185	0.000000
242	Spectrogram 1	2	5202.540000	5202.830000	4000.000000	18000.000000	8000.000000	Trill	12.500256	20.152873	NaN	NaN	104.753266	0.000000
243	Spectrogram 1	2	5248.380000	5248.410000	4000.000000	18000.000000	8000.000000	Tse	7.688434	12.035460	NaN	NaN	47.452363	0.000000
244	Spectrogram 1	2	5259.560000	5259.640000	4000.000000	18000.000000	8000.000000	Tse	8.394117	11.615057	NaN	NaN	37.311057	0.000000
245	Spectrogram 1	2	5292.730000	5292.970000	4000.000000	18000.000000	8000.000000	Trill	7.205733	13.708319	NaN	NaN	56.317920	0.000000
246	Spectrogram 1	2	5328.890000	5328.960000	4000.000000	18000.000000	8000.000000	Trill	7.142330	12.442058	NaN	NaN	68.682643	0.000000
247	Spectrogram 1	2	5371.420000	5371.730000	4000.000000	18000.000000	8000.000000	Trillphee	14.856616	23.526267	NaN	NaN	134.143101	0.000000
248	Spectrogram 1	2	5392.360000	5392.570000	4000.000000	18000.000000	8000.000000	Trill	8.216304	12.282317	NaN	NaN	67.095606	0.000000
249	Spectrogram 1	2	5412.300000	5412.360000	4000.000000	18000.000000	8000.000000	Twitter	7.113288	15.643420	NaN	NaN	47.438751	0.000000
250	Spectrogram 1	2	5422.670000	5422.770000	4000.000000	18000.000000	8000.000000	Trill	10.262221	15.572258	NaN	NaN	74.423689	0.000000
251	Spectrogram 1	2	5424.370000	5424.400000	4000.000000	18000.000000	8000.000000	Twitter	7.616464	13.561086	NaN	NaN	46.789904	0.000000
252	Spectrogram 1	2	5430.170000	5430.210000	4000.000000	18000.000000	8000.000000	Twitter	7.628250	16.099135	NaN	NaN	60.055758	0.000000
253	Spectrogram 1	2	5431.680000	5431.710000	4000.000000	18000.000000	8000.000000	Twitter	7.242482	18.282794	NaN	NaN	59.595030	0.000000
254	Spectrogram 1	2	5433.860000	5433.900000	4000.000000	18000.000000	8000.000000	Twitter	8.011584	20.206944	NaN	NaN	55.682590	0.000000
255	Spectrogram 1	2	5453.660000	5453.950000	4000.000000	18000.000000	8000.000000	Trill	9.855796	15.422138	NaN	NaN	73.797063	0.000000
256	Spectrogram 1	2	5513.000000	5513.220000	4000.000000	18000.000000	8000.000000	Trill	13.373298	19.903336	NaN	NaN	92.703119	0.000000
257	Spectrogram 1	2	5541.690000	5542.110000	4000.000000	18000.000000	8000.000000	Trill	8.572576	14.709859	NaN	NaN	65.802652	0.000000
258	Spectrogram 1	2	5544.910000	5546.930000	4000.000000	18000.000000	8000.000000	Trillphee	11.793356	26.703041	NaN	NaN	135.568665	0.000000
259	Spectrogram 1	2	5561.970000	5562.420000	4000.000000	18000.000000	8000.000000	Trillphee	11.208527	20.248729	NaN	NaN	111.584863	0.000000
260	Spectrogram 1	2	5584.040000	5584.190000	4000.000000	18000.000000	8000.000000	Trill	9.852904	15.940309	NaN	NaN	77.257449	0.000000
261	Spectrogram 1	2	5635.930000	5637.210000	4000.000000	18000.000000	8000.000000	Trillphee	11.536379	21.571123	NaN	NaN	113.281193	0.000000
262	Spectrogram 1	2	5669.100000	5669.370000	4000.000000	18000.000000	8000.000000	Trill	8.652201	13.456060	NaN	NaN	69.427741	0.000000
263	Spectrogram 1	2	5735.510000	5735.650000	4000.000000	18000.000000	8000.000000	Sd-peep	8.251647	12.123677	NaN	NaN	60.243961	0.000000
264	Spectrogram 1	2	5767.880000	5768.170000	4000.000000	18000.000000	8000.000000	Trill	10.078102	16.748296	NaN	NaN	85.874184	0.000000
265	Spectrogram 1	2	5788.110000	5788.160000	4000.000000	18000.000000	8000.000000	Twitter	8.158047	19.705091	NaN	NaN	44.443254	0.000000
266	Spectrogram 1	2	5863.720000	5864.080000	4000.000000	18000.000000	8000.000000	Trill	10.279448	15.762695	NaN	NaN	85.613006	0.000000
267	Spectrogram 1	2	6055.290000	6055.500000	4000.000000	18000.000000	8000.000000	Trill	7.106514	10.905451	NaN	NaN	51.102460	0.000000
268	Spectrogram 1	2	6151.140000	6151.630000	4000.000000	18000.000000	8000.000000	Trillphee	9.204334	18.754777	NaN	NaN	88.300165	0.000000
269	Spectrogram 1	2	6159.230000	6159.340000	4000.000000	18000.000000	8000.000000	Tse	12.381432	26.169340	NaN	NaN	100.948114	0.000000
270	Spectrogram 1	2	6159.420000	6159.930000	4000.000000	18000.000000	8000.000000	Twitter	7.206275	18.906716	NaN	NaN	60.361122	0.000000
271	Spectrogram 1	2	6163.770000	6164.140000	4000.000000	18000.000000	8000.000000	Trillphee	12.585722	19.198504	NaN	NaN	98.856714	0.000000
272	Spectrogram 1	2	6228.520000	6228.680000	4000.000000	18000.000000	8000.000000	Tse	9.794102	17.945769	NaN	NaN	74.738355	0.000000
273	Spectrogram 1	2	6228.790000	6228.860000	4000.000000	18000.000000	8000.000000	Twitter	9.368571	21.445227	NaN	NaN	57.316783	0.000000
274	Spectrogram 1	2	6303.310000	6303.700000	4000.000000	18000.000000	8000.000000	Trill	7.692269	16.428189	NaN	NaN	52.575288	0.000000
275	Spectrogram 1	2	6328.340000	6328.860000	4000.000000	18000.000000	8000.000000	Trill	8.765063	18.292677	NaN	NaN	41.586249	0.000000
276	Spectrogram 1	2	6352.530000	6352.790000	4000.000000	18000.000000	8000.000000	Trill	8.073690	13.979054	NaN	NaN	61.943659	0.000000
277	Spectrogram 1	3	31.390000	31.800000	4000.000000	18000.000000	8000.000000	Trill	7.702837	13.760107	NaN	NaN	61.569315	0.000000
278	Spectrogram 1	3	38.100000	38.180000	4000.000000	18000.000000	8000.000000	Trillphee	10.309128	14.271932	NaN	NaN	71.295641	0.000000
279	Spectrogram 1	3	116.790000	116.840000	4000.000000	18000.000000	8000.000000	Trill	10.032876	14.154824	NaN	NaN	76.507009	0.000000
280	Spectrogram 1	3	172.790000	173.190000	4000.000000	18000.000000	8000.000000	Trillphee	11.504017	18.559432	NaN	NaN	91.081957	0.000000
281	Spectrogram 1	3	215.960000	216.340000	4000.000000	18000.000000	8000.000000	Trill	8.727429	14.853042	NaN	NaN	65.825440	0.000000
282	Spectrogram 1	3	255.110000	255.170000	4000.000000	18000.000000	8000.000000	Tse	7.515776	15.979984	NaN	NaN	60.930163	0.000000
283	Spectrogram 1	3	260.790000	261.260000	4000.000000	18000.000000	8000.000000	Trillphee	7.604702	14.816103	NaN	NaN	74.708869	0.000000
284	Spectrogram 1	3	287.240000	288.110000	4000.000000	18000.000000	8000.000000	Trillphee	7.664852	16.957202	NaN	NaN	91.400333	0.000000
285	Spectrogram 1	3	295.850000	296.370000	4000.000000	18000.000000	8000.000000	Trillphee	10.241118	18.289132	NaN	NaN	103.598308	0.000000
286	Spectrogram 1	3	327.380000	327.550000	4000.000000	18000.000000	8000.000000	Trillphee	10.008106	16.104466	NaN	NaN	85.278744	0.000000
287	Spectrogram 1	3	329.150000	329.180000	4000.000000	18000.000000	8000.000000	P-peep	7.510982	11.466486	NaN	NaN	61.210994	0.000000
288	Spectrogram 1	3	329.250000	329.790000	4000.000000	18000.000000	8000.000000	Trillphee	7.304540	16.034918	NaN	NaN	79.857333	0.000000
289	Spectrogram 1	3	426.390000	426.760000	4000.000000	18000.000000	8000.000000	Trillphee	7.153613	14.801829	NaN	NaN	79.510982	0.000000
290	Spectrogram 1	3	450.520000	451.390000	4000.000000	18000.000000	8000.000000	Trillphee	8.750883	19.785240	NaN	NaN	98.227083	0.000000
291	Spectrogram 1	3	506.270000	506.980000	4000.000000	18000.000000	8000.000000	Trillphee	8.279133	17.248850	NaN	NaN	87.643775	0.000000
292	Spectrogram 1	3	520.130000	520.580000	4000.000000	18000.000000	8000.000000	Trillphee	10.932023	18.504169	NaN	NaN	94.196008	0.000000
293	Spectrogram 1	3	597.210000	597.250000	4000.000000	18000.000000	8000.000000	Tse	8.261949	19.470433	NaN	NaN	89.134159	0.000000
294	Spectrogram 1	3	642.080000	642.580000	4000.000000	18000.000000	8000.000000	Trill	8.086739	15.188902	NaN	NaN	58.887600	0.000000
295	Spectrogram 1	3	651.800000	652.530000	4000.000000	18000.000000	8000.000000	Trillphee	8.399912	18.265159	NaN	NaN	78.849051	0.000000
296	Spectrogram 1	3	699.840000	701.590000	4000.000000	18000.000000	8000.000000	Trillphee	7.771677	28.577057	NaN	NaN	74.065458	0.000000
297	Spectrogram 1	3	791.530000	791.660000	4000.000000	18000.000000	8000.000000	Trillphee	7.218841	13.715027	NaN	NaN	57.219355	0.000000
298	Spectrogram 1	3	800.770000	800.970000	4000.000000	18000.000000	8000.000000	Trillphee	12.156283	20.734155	NaN	NaN	101.349803	0.000000
299	Spectrogram 1	3	938.710000	938.950000	4000.000000	18000.000000	8000.000000	Trill	7.571189	13.125414	NaN	NaN	71.743595	0.000000
300	Spectrogram 1	3	1251.420000	1252.710000	4000.000000	18000.000000	8000.000000	Trillphee	12.140956	33.020953	NaN	NaN	47.481260	0.000000
301	Spectrogram 1	3	1354.410000	1354.620000	4000.000000	18000.000000	8000.000000	Tse	8.677681	24.979916	NaN	NaN	89.163138	0.000000
302	Spectrogram 1	3	1454.880000	1454.950000	4000.000000	18000.000000	8000.000000	Tse	8.380285	23.529176	NaN	NaN	84.996355	0.000000
303	Spectrogram 1	3	1731.770000	1731.830000	4000.000000	18000.000000	8000.000000	P-peep	8.131695	17.426846	NaN	NaN	51.730526	0.000000
304	Spectrogram 1	3	1799.920000	1799.980000	4000.000000	18000.000000	8000.000000	Trillphee	7.054595	15.452202	NaN	NaN	78.086293	0.000000
305	Spectrogram 1	3	2041.270000	2041.600000	4000.000000	18000.000000	8000.000000	Trillphee	8.454624	17.806207	NaN	NaN	90.852794	0.000000
306	Spectrogram 1	3	2047.990000	2049.180000	4000.000000	18000.000000	8000.000000	P-peep	9.719408	29.307120	NaN	NaN	103.390941	0.000000
307	Spectrogram 1	3	2104.500000	2105.650000	4000.000000	18000.000000	8000.000000	Trillphee	7.666550	23.793394	NaN	NaN	86.013284	0.000000
308	Spectrogram 1	3	2476.330000	2477.010000	4000.000000	18000.000000	8000.000000	Trill	7.624804	15.905811	NaN	NaN	68.450837	0.000000
309	Spectrogram 1	3	2711.050000	2712.540000	4000.000000	18000.000000	8000.000000	P-peep	9.818777	26.228562	NaN	NaN	132.797674	0.000000
310	Spectrogram 1	3	2760.370000	2760.690000	4000.000000	18000.000000	8000.000000	Trillphee	7.724467	15.009822	NaN	NaN	72.540800	0.000000
311	Spectrogram 1	3	2766.560000	2766.930000	4000.000000	18000.000000	8000.000000	Trill	10.581514	17.877842	NaN	NaN	70.436956	0.000000
312	Spectrogram 1	3	2772.390000	2773.160000	4000.000000	18000.000000	8000.000000	Trillphee	12.912969	26.816713	NaN	NaN	141.453239	0.000000
313	Spectrogram 1	3	2778.570000	2778.830000	4000.000000	18000.000000	8000.000000	Trillphee	7.827525	14.925556	NaN	NaN	61.611665	0.000000
314	Spectrogram 1	3	2861.860000	2862.340000	4000.000000	18000.000000	8000.000000	Trillphee	10.700073	19.115534	NaN	NaN	84.085285	0.000000
315	Spectrogram 1	3	2865.080000	2865.140000	4000.000000	18000.000000	8000.000000	P-peep	8.138263	13.282638	NaN	NaN	45.776997	0.000000
316	Spectrogram 1	3	3000.300000	3002.180000	4000.000000	18000.000000	8000.000000	Trillphee	9.096825	24.432086	NaN	NaN	67.525610	0.000000
317	Spectrogram 1	3	3491.580000	3492.810000	4000.000000	18000.000000	8000.000000	Phee	13.778697	27.497709	NaN	NaN	43.320830	0.000000
318	Spectrogram 1	3	3611.560000	3611.700000	4000.000000	18000.000000	8000.000000	Trillphee	12.643407	23.984964	NaN	NaN	124.884055	0.000000
319	Spectrogram 1	3	3611.760000	3612.320000	4000.000000	18000.000000	8000.000000	P-peep	9.863419	25.855632	NaN	NaN	100.371121	0.000000
320	Spectrogram 1	3	3612.420000	3612.510000	4000.000000	18000.000000	8000.000000	P-peep	10.480018	25.192192	NaN	NaN	113.326663	0.000000
321	Spectrogram 1	3	3636.240000	3636.650000	4000.000000	18000.000000	8000.000000	Trill	7.202317	12.724770	NaN	NaN	55.738653	0.000000
322	Spectrogram 1	3	4042.290000	4043.280000	4000.000000	18000.000000	8000.000000	Trillphee	11.474840	26.048284	NaN	NaN	129.722036	0.000000
323	Spectrogram 1	3	4252.180000	4252.910000	4000.000000	18000.000000	8000.000000	Trillphee	7.765667	18.916373	NaN	NaN	79.082408	0.000000
324	Spectrogram 1	3	4354.140000	4355.830000	4000.000000	18000.000000	8000.000000	Trillphee	11.891794	36.205628	NaN	NaN	108.675703	0.000000
325	Spectrogram 1	3	5316.690000	5317.130000	4000.000000	18000.000000	8000.000000	Trill	8.247000	17.363077	NaN	NaN	67.252835	0.000000
326	Spectrogram 1	3	5464.600000	5465.010000	4000.000000	18000.000000	8000.000000	Trill	9.551203	16.524018	NaN	NaN	67.941334	0.000000
327	Spectrogram 1	3	5492.460000	5492.970000	4000.000000	18000.000000	8000.000000	Trill	7.899573	16.102989	NaN	NaN	54.945089	0.000000
328	Spectrogram 1	3	5524.760000	5525.390000	4000.000000	18000.000000	8000.000000	Trillphee	10.055819	20.855298	NaN	NaN	96.911153	0.000000
329	Spectrogram 1	3	5584.450000	5585.140000	4000.000000	18000.000000	8000.000000	Trillphee	9.008291	20.475562	NaN	NaN	95.089230	0.000000
330	Spectrogram 1	3	5588.860000	5589.710000	4000.000000	18000.000000	8000.000000	Trillphee	11.127328	24.909921	NaN	NaN	115.204057	0.000000
331	Spectrogram 1	3	5603.700000	5605.100000	4000.000000	18000.000000	8000.000000	P-peep	7.929095	25.707514	NaN	NaN	95.530735	0.000000
332	Spectrogram 1	3	5656.970000	5657.510000	4000.000000	18000.000000	8000.000000	Trill	11.540257	22.053883	NaN	NaN	83.290021	0.000000
333	Spectrogram 1	3	5686.180000	5687.010000	4000.000000	18000.000000	8000.000000	Trillphee	8.442752	23.927376	NaN	NaN	95.417808	0.000000
334	Spectrogram 1	3	5691.960000	5692.250000	4000.000000	18000.000000	8000.000000	Trillphee	8.453221	16.680455	NaN	NaN	78.268826	0.000000
335	Spectrogram 1	3	5711.190000	5711.420000	4000.000000	18000.000000	8000.000000	Trill	8.633185	16.662903	NaN	NaN	71.432752	0.000000
336	Spectrogram 1	3	5740.200000	5740.520000	4000.000000	18000.000000	8000.000000	Trillphee	8.162420	16.795100	NaN	NaN	89.861351	0.000000
337	Spectrogram 1	3	5863.010000	5863.460000	4000.000000	18000.000000	8000.000000	Trillphee	15.916707	27.043950	NaN	NaN	142.881248	0.000000
338	Spectrogram 1	3	5896.880000	5897.430000	4000.000000	18000.000000	8000.000000	Trillphee	7.277944	16.301868	NaN	NaN	78.055869	0.000000
339	Spectrogram 1	3	5908.140000	5909.150000	4000.000000	18000.000000	8000.000000	P-peep	12.355916	30.203169	NaN	NaN	124.778530	0.000000
340	Spectrogram 1	3	5942.920000	5943.010000	4000.000000	18000.000000	8000.000000	P-peep	9.267495	24.481835	NaN	NaN	114.301631	0.000000
341	Spectrogram 1	3	5978.160000	5979.000000	4000.000000	18000.000000	8000.000000	Trillphee	10.419631	23.285249	NaN	NaN	110.656692	0.000000
342	Spectrogram 1	3	5986.370000	5986.460000	4000.000000	18000.000000	8000.000000	P-peep	8.091516	24.181292	NaN	NaN	123.767958	0.000000
343	Spectrogram 1	3	6009.300000	6009.360000	4000.000000	18000.000000	8000.000000	Trillphee	8.124101	14.593334	NaN	NaN	69.091909	0.000000
344	Spectrogram 1	3	6101.390000	6101.870000	4000.000000	18000.000000	8000.000000	Trillphee	7.769053	15.758831	NaN	NaN	54.327739	0.000000
345	Spectrogram 1	4	28.390000	28.780000	4000.000000	18000.000000	8000.000000	Trill	10.198719	13.428325	NaN	NaN	64.340106	0.000000
346	Spectrogram 1	4	95.580000	95.820000	4000.000000	18000.000000	8000.000000	Trill	10.460250	12.788786	NaN	NaN	57.584200	0.000000
347	Spectrogram 1	4	97.870000	97.910000	4000.000000	18000.000000	8000.000000	Tse	9.782741	12.143231	NaN	NaN	48.950908	0.000000
348	Spectrogram 1	4	98.860000	98.890000	4000.000000	18000.000000	8000.000000	Twitter	8.564920	13.837749	NaN	NaN	47.885453	0.000000
349	Spectrogram 1	4	99.030000	99.080000	4000.000000	18000.000000	8000.000000	Twitter	9.639736	17.332738	NaN	NaN	50.747862	0.000000
350	Spectrogram 1	4	99.180000	99.240000	4000.000000	18000.000000	8000.000000	Twitter	12.049266	21.790035	NaN	NaN	74.805307	0.000000
351	Spectrogram 1	4	99.330000	99.390000	4000.000000	18000.000000	8000.000000	Twitter	12.742240	22.577251	NaN	NaN	82.284351	0.000000
352	Spectrogram 1	4	99.470000	99.520000	4000.000000	18000.000000	8000.000000	Trill	9.409315	16.832468	NaN	NaN	82.907019	0.000000
353	Spectrogram 1	4	169.650000	169.880000	4000.000000	18000.000000	8000.000000	Trill	12.060993	16.921212	NaN	NaN	76.264942	0.000000
354	Spectrogram 1	4	196.560000	196.620000	4000.000000	18000.000000	8000.000000	Trill	8.142621	13.396109	NaN	NaN	57.123088	0.000000
355	Spectrogram 1	4	494.400000	495.430000	4000.000000	18000.000000	8000.000000	Phee	12.557882	20.554559	NaN	NaN	103.376915	0.000000
356	Spectrogram 1	4	773.400000	773.480000	4000.000000	18000.000000	8000.000000	Trill	9.757165	13.710561	NaN	NaN	79.405850	0.000000
357	Spectrogram 1	4	938.130000	938.340000	4000.000000	18000.000000	8000.000000	Trill	8.190698	15.433482	NaN	NaN	63.288392	0.000000
358	Spectrogram 1	4	1426.000000	1426.030000	4000.000000	18000.000000	8000.000000	Twitter	9.106380	28.134242	NaN	NaN	72.874571	0.000000
359	Spectrogram 1	4	1432.910000	1432.950000	4000.000000	18000.000000	8000.000000	Twitter	7.991043	22.969412	NaN	NaN	75.128871	0.000000
360	Spectrogram 1	4	1439.340000	1439.410000	4000.000000	18000.000000	8000.000000	Trill	7.538105	14.736485	NaN	NaN	73.611823	0.000000
361	Spectrogram 1	4	1935.290000	1935.350000	4000.000000	18000.000000	8000.000000	Trill	12.813162	17.633755	NaN	NaN	77.216616	0.000000
362	Spectrogram 1	4	1948.540000	1950.960000	4000.000000	18000.000000	8000.000000	Phee	18.931519	39.997165	NaN	NaN	169.221841	0.000000
363	Spectrogram 1	4	2055.400000	2056.090000	4000.000000	18000.000000	8000.000000	Trillphee	15.040764	24.086148	NaN	NaN	108.955371	0.000000
364	Spectrogram 1	4	2115.570000	2115.670000	4000.000000	18000.000000	8000.000000	Tse	10.156477	21.707652	NaN	NaN	121.530684	0.000000
365	Spectrogram 1	4	2115.720000	2116.620000	4000.000000	18000.000000	8000.000000	Phee	14.212804	26.453496	NaN	NaN	139.715585	0.000000
366	Spectrogram 1	4	2297.500000	2298.730000	4000.000000	18000.000000	8000.000000	Trillphee	9.478015	21.235741	NaN	NaN	101.465161	0.000000
367	Spectrogram 1	4	2542.310000	2542.390000	4000.000000	18000.000000	8000.000000	Tse	11.505967	17.183181	NaN	NaN	93.499337	0.000000
368	Spectrogram 1	4	2751.220000	2751.360000	4000.000000	18000.000000	8000.000000	Tse	12.874606	19.450623	NaN	NaN	96.667309	0.000000
369	Spectrogram 1	4	2751.610000	2751.680000	4000.000000	18000.000000	8000.000000	Twitter	13.055965	23.369797	NaN	NaN	68.002909	0.000000
370	Spectrogram 1	4	2751.750000	2751.820000	4000.000000	18000.000000	8000.000000	Twitter	13.475644	24.103304	NaN	NaN	75.701011	0.000000
371	Spectrogram 1	4	2751.890000	2751.960000	4000.000000	18000.000000	8000.000000	Twitter	13.357159	23.147555	NaN	NaN	81.414834	0.000000
372	Spectrogram 1	4	2965.530000	2965.730000	4000.000000	18000.000000	8000.000000	Trill	9.684986	15.992827	NaN	NaN	76.338770	0.000000
373	Spectrogram 1	4	3026.430000	3026.500000	4000.000000	18000.000000	8000.000000	Tse	8.079106	24.781697	NaN	NaN	88.056354	0.000000
374	Spectrogram 1	4	3157.960000	3157.990000	4000.000000	18000.000000	8000.000000	Twitter	10.523902	25.879057	NaN	NaN	85.212857	0.000000
375	Spectrogram 1	4	3166.250000	3166.280000	4000.000000	18000.000000	8000.000000	Twitter	7.666005	24.401268	NaN	NaN	50.081337	0.000000
376	Spectrogram 1	4	3175.480000	3175.520000	4000.000000	18000.000000	8000.000000	Twitter	7.178818	19.389247	NaN	NaN	49.040226	0.000000
377	Spectrogram 1	4	3218.290000	3219.370000	4000.000000	18000.000000	8000.000000	Trillphee	9.939716	20.371346	NaN	NaN	112.136841	0.000000
378	Spectrogram 1	4	3358.190000	3358.220000	4000.000000	18000.000000	8000.000000	Twitter	7.658759	21.306869	NaN	NaN	61.441104	0.000000
379	Spectrogram 1	4	3635.570000	3635.790000	4000.000000	18000.000000	8000.000000	Trill	8.584627	14.879818	NaN	NaN	66.756464	0.000000
380	Spectrogram 1	4	3675.000000	3675.070000	4000.000000	18000.000000	8000.000000	Trill	10.813989	15.504909	NaN	NaN	91.781643	0.000000
381	Spectrogram 1	4	3774.690000	3774.730000	4000.000000	18000.000000	8000.000000	Twitter	9.139916	26.190234	NaN	NaN	71.841683	0.000000
382	Spectrogram 1	4	3778.850000	3778.890000	4000.000000	18000.000000	8000.000000	Tse	7.383639	22.040120	NaN	NaN	71.425679	0.000000
383	Spectrogram 1	4	3780.830000	3780.870000	4000.000000	18000.000000	8000.000000	Twitter	8.414688	25.292734	NaN	NaN	82.062767	0.000000
384	Spectrogram 1	4	3797.040000	3797.080000	4000.000000	18000.000000	8000.000000	Twitter	7.091400	25.521615	NaN	NaN	61.296824	0.000000
385	Spectrogram 1	4	3797.950000	3797.990000	4000.000000	18000.000000	8000.000000	Tse	8.039110	19.024281	NaN	NaN	62.432133	0.000000
386	Spectrogram 1	4	3806.500000	3806.530000	4000.000000	18000.000000	8000.000000	Twitter	8.938097	27.119130	NaN	NaN	75.398743	0.000000
387	Spectrogram 1	4	3811.050000	3811.080000	4000.000000	18000.000000	8000.000000	Twitter	9.538383	25.572933	NaN	NaN	65.055505	0.000000
388	Spectrogram 1	4	3856.270000	3856.320000	4000.000000	18000.000000	8000.000000	Twitter	10.297874	25.100696	NaN	NaN	70.195995	0.000000
389	Spectrogram 1	4	3922.950000	3922.980000	4000.000000	18000.000000	8000.000000	Twitter	7.839981	22.633711	NaN	NaN	57.177370	0.000000
390	Spectrogram 1	4	4131.680000	4131.710000	4000.000000	18000.000000	8000.000000	Twitter	7.394353	24.830566	NaN	NaN	62.729899	0.000000
391	Spectrogram 1	4	4942.840000	4945.220000	4000.000000	18000.000000	8000.000000	Trillphee	8.230428	25.119473	NaN	NaN	85.587141	0.000000
392	Spectrogram 1	4	5306.750000	5306.820000	4000.000000	18000.000000	8000.000000	Trill	7.922907	16.251644	NaN	NaN	61.850218	0.000000
393	Spectrogram 1	4	5390.910000	5391.150000	4000.000000	18000.000000	8000.000000	Trill	7.043075	12.365094	NaN	NaN	52.648159	0.000000
394	Spectrogram 1	4	5696.320000	5696.370000	4000.000000	18000.000000	8000.000000	Tse	8.535399	19.648602	NaN	NaN	119.129512	0.000000
395	Spectrogram 1	4	5696.590000	5697.140000	4000.000000	18000.000000	8000.000000	Trillphee	7.385765	17.926522	NaN	NaN	103.546849	0.000000
396	Spectrogram 1	4	5952.380000	5952.810000	4000.000000	18000.000000	8000.000000	Twitter	7.575705	18.328147	NaN	NaN	50.708553	0.000000
397	Spectrogram 1	4	5952.890000	5953.240000	4000.000000	18000.000000	8000.000000	Twitter	9.284764	20.008221	NaN	NaN	54.370437	0.000000
398	Spectrogram 1	4	5990.050000	5990.320000	4000.000000	18000.000000	8000.000000	Trill	14.701694	21.376858	NaN	NaN	105.313691	0.000000
399	Spectrogram 1	4	6017.020000	6017.230000	4000.000000	18000.000000	8000.000000	Trill	14.403445	20.215284	NaN	NaN	103.732281	0.000000
400	Spectrogram 1	4	6143.680000	6144.070000	4000.000000	18000.000000	8000.000000	Tse	9.658541	21.938650	NaN	NaN	37.377411	0.000000
401	Spectrogram 1	4	6161.170000	6161.210000	4000.000000	18000.000000	8000.000000	Sd-peep	8.037798	11.925163	NaN	NaN	39.019151	0.000000
402	Spectrogram 1	4	6248.900000	6248.990000	4000.000000	18000.000000	8000.000000	Twitter	9.483406	26.087270	NaN	NaN	72.916983	0.000000
403	Spectrogram 1	4	6405.440000	6405.520000	4000.000000	18000.000000	8000.000000	Twitter	7.325222	22.376730	NaN	NaN	65.235398	0.000000
404	Spectrogram 1	4	6406.050000	6406.120000	4000.000000	18000.000000	8000.000000	Twitter	7.822709	22.910253	NaN	NaN	37.703809	0.000000
405	Spectrogram 1	4	6445.810000	6447.160000	4000.000000	18000.000000	8000.000000	Phee	8.410801	17.358487	NaN	NaN	83.496323	0.000000
