Selection	View	Channel	Begin Time (s)	End Time (s)	Low Freq (Hz)	High Freq (Hz)	Max Freq (Hz)	Call Type	Energy Diff	Energy Par	Energy Diff (wl)	Energy Par (wl)	AHR	Exception
60	Spectrogram 1	1	32.460	32.800	4000.0	18000.0	8398.4	Trill	12.563059	18.341553	NaN	NaN	102.476145	0.000000
61	Spectrogram 1	2	40.260	40.350	4000.0	18000.0	7324.2	Trill	9.325416	14.549700	NaN	NaN	79.399497	0.000000
2	Spectrogram 1	2	68.993	69.460	4000.0	18000.0	8984.4	Trillphee	6.955106	14.609168	NaN	NaN	83.236334	0.000000
62	Spectrogram 1	3	99.120	99.640	4000.0	18000.0	9082.0	Trill	8.441556	14.689334	NaN	NaN	73.302904	0.000000
63	Spectrogram 1	1	129.660	129.720	4000.0	18000.0	9082.0	Trill	11.910491	17.021528	NaN	NaN	89.909911	0.000000
64	Spectrogram 1	1	152.440	152.500	4000.0	18000.0	8984.4	Trill	10.021739	17.350546	NaN	NaN	70.123495	0.000000
65	Spectrogram 1	2	152.880	153.210	4000.0	18000.0	8300.8	Trill	12.524970	20.725686	NaN	NaN	110.424518	0.000000
66	Spectrogram 1	2	257.430	257.657	4000.0	18000.0	7031.2	Trill	11.751983	14.634224	NaN	NaN	74.140631	0.000000
67	Spectrogram 1	2	285.980	286.720	4000.0	18000.0	8984.4	Trillphee	12.267901	23.979644	NaN	NaN	115.525884	0.000000
68	Spectrogram 1	3	294.036	294.123	8217.6	9606.5	8300.8	Trill						
69	Spectrogram 1	3	294.146	294.900	4000.0	18000.0	9375.0	Trill	9.096973	18.004110	NaN	NaN	88.902398	0.000000
70	Spectrogram 1	1	299.770	299.820	4000.0	18000.0	8691.4	P-peep	8.959298	12.455185	NaN	NaN	80.321895	0.000000
71	Spectrogram 1	1	303.840	303.900	4000.0	18000.0	9277.3	Sd-peep	9.463237	17.009344	NaN	NaN	63.912440	0.000000
72	Spectrogram 1	1	330.280	330.490	4000.0	18000.0	8886.7	Trill	12.330503	17.702707	NaN	NaN	97.204155	0.000000
73	Spectrogram 1	1	334.510	334.590	4000.0	18000.0	9082.0	Trill	12.871595	17.886775	NaN	NaN	112.534043	0.000000
74	Spectrogram 1	1	375.060	375.120	4000.0	18000.0	9082.0	Trill	10.414724	16.519462	NaN	NaN	92.749002	0.000000
75	Spectrogram 1	2	377.250	377.660	4000.0	18000.0	8203.1	Trill	13.079153	22.532047	NaN	NaN	133.574944	0.000000
76	Spectrogram 1	1	378.130	378.220	4000.0	18000.0	9082.0	Trill	12.224676	19.684622	NaN	NaN	117.252837	0.000000
77	Spectrogram 1	2	382.370	382.860	4000.0	18000.0	9082.0	Trillphee	11.646011	21.574588	NaN	NaN	126.680361	0.000000
78	Spectrogram 1	2	408.820	409.240	4000.0	18000.0	9082.0	Trillphee	7.494457	14.960154	NaN	NaN	73.953288	0.000000
79	Spectrogram 1	3	422.740	423.090	4000.0	18000.0	8789.1	Trill	9.254623	14.972131	NaN	NaN	79.632372	0.000000
80	Spectrogram 1	3	461.720	461.860	4000.0	18000.0	8886.7	Trill	8.740776	13.175318	NaN	NaN	59.431609	0.000000
81	Spectrogram 1	1	520.650	521.391	4000.0	18000.0	8691.4	Trill	16.710494	25.327334	NaN	NaN	127.889706	0.000000
82	Spectrogram 1	3	546.260	546.890	4000.0	18000.0	8984.4	Trill	8.239220	16.985289	NaN	NaN	77.453250	0.000000
83	Spectrogram 1	3	547.020	547.543	4000.0	18000.0	9179.7	Trill	7.926501	17.075504	NaN	NaN	91.617822	0.000000
84	Spectrogram 1	2	568.970	569.410	4000.0	18000.0	7812.5	Trill	7.678193	16.370757	NaN	NaN	68.700404	0.000000
85	Spectrogram 1	2	573.870	574.261	4000.0	18000.0	9082.0	Trill	14.289744	20.998665	NaN	NaN	106.782203	0.000000
6	Spectrogram 1	2	591.530	592.242	4000.0	18000.0	8398.4	Trillphee	8.396908	15.000000	NaN	NaN	141.249694	0.000000
86	Spectrogram 1	2	666.640	666.904	4000.0	18000.0	8203.1	Trill	8.357470	12.653323	NaN	NaN	67.849240	0.000000
87	Spectrogram 1	2	677.370	677.660	4000.0	18000.0	8691.4	Trill	12.584494	21.182925	NaN	NaN	103.946739	0.000000
88	Spectrogram 1	3	693.960	694.430	4000.0	18000.0	8886.7	Trill	14.593545	20.553688	NaN	NaN	99.978690	0.000000
89	Spectrogram 1	1	800.730	800.986	4000.0	18000.0	9375.0	Trill	8.309920	15.990952	NaN	NaN	69.362947	0.000000
90	Spectrogram 1	1	801.038	801.102	8796.3	12037.0	8886.7	Trill						
91	Spectrogram 1	1	801.850	801.900	4000.0	18000.0	9082.0	Trill	9.134071	15.593370	NaN	NaN	53.680266	0.000000
92	Spectrogram 1	1	957.560	957.620	4000.0	18000.0	9375.0	Sd-peep	7.935855	14.176615	NaN	NaN	69.098705	0.000000
93	Spectrogram 1	1	963.840	963.900	4000.0	18000.0	9082.0	P-peep	11.320035	24.494669	NaN	NaN	122.091196	0.000000
94	Spectrogram 1	1	964.080	964.170	4000.0	18000.0	9375.0	P-peep	8.136387	16.372399	NaN	NaN	79.202575	0.000000
95	Spectrogram 1	1	976.830	976.880	4000.0	18000.0	9179.7	P-peep	7.782119	19.711226	NaN	NaN	88.512403	0.000000
96	Spectrogram 1	3	986.630	987.317	4000.0	18000.0	8691.4	Trill	11.701257	20.801396	NaN	NaN	84.472422	0.000000
97	Spectrogram 1	2	1074.640	1074.870	4000.0	18000.0	7324.2	Trill	11.005013	17.329996	NaN	NaN	92.770880	0.000000
98	Spectrogram 1	2	1095.842	1096.170	4000.0	18000.0	8105.5	Trill	12.305486	19.737608	NaN	NaN	108.403689	0.000000
99	Spectrogram 1	1	1171.035	1171.244	4000.0	18000.0	9277.3	Trill	16.347225	23.402403	NaN	NaN	113.435004	0.000000
100	Spectrogram 1	2	1174.900	1175.120	4000.0	18000.0	7031.2	Trill	11.747413	16.883821	NaN	NaN	98.186416	0.000000
16	Spectrogram 1	1	1187.120	1188.547	4000.0	18000.0	8886.7	Phee	5.199895	15.000000	NaN	NaN	133.931984	0.000000
17	Spectrogram 1	1	1189.431	1190.826	4000.0	18000.0	8593.7	Phee	5.520941	15.000000	NaN	NaN	132.707873	0.000000
101	Spectrogram 1	2	1193.440	1193.657	4000.0	18000.0	7421.9	Trill	9.064311	12.859112	NaN	NaN	80.148725	0.000000
18	Spectrogram 1	1	1200.924	1202.765	4000.0	18000.0	8691.4	Phee	5.278600	15.000000	NaN	NaN	119.428715	0.000000
102	Spectrogram 1	1	1207.910	1208.150	4000.0	18000.0	8691.4	Trill	13.540256	20.769850	NaN	NaN	83.535106	0.000000
103	Spectrogram 1	2	1211.560	1211.783	4000.0	18000.0	7617.2	Trill	14.080734	19.275847	NaN	NaN	105.097075	0.000000
104	Spectrogram 1	2	1216.180	1216.460	4000.0	18000.0	8203.1	Trill	9.394869	14.220924	NaN	NaN	86.561280	0.000000
105	Spectrogram 1	1	1394.193	1394.227	9953.7	13888.9	10546.9	Twitter						
106	Spectrogram 1	1	1394.299	1394.343	4000.0	18000.0	8300.8	Twitter	7.300132	16.194534	NaN	NaN	43.805650	0.000000
107	Spectrogram 1	1	1394.436	1394.471	6250.0	13078.7	6933.6	Twitter						
108	Spectrogram 1	1	1394.563	1394.598	5439.8	11921.3	6543.0	Twitter						
109	Spectrogram 1	1	1394.691	1394.731	5902.8	13194.4	6543.0	Twitter						
110	Spectrogram 1	1	1394.818	1394.853	5208.3	13888.9	6543.0	Twitter						
111	Spectrogram 1	1	1394.942	1394.977	5092.6	15162.0	6640.6	Twitter						
112	Spectrogram 1	1	1395.067	1395.107	5092.6	15046.3	6640.6	Twitter						
113	Spectrogram 1	1	1395.197	1395.235	5439.8	14699.1	6738.3	Twitter						
114	Spectrogram 1	1	1395.319	1395.356	5439.8	16088.0	6640.6	Twitter						
115	Spectrogram 1	1	1395.429	1395.475	5439.8	12615.7	7910.2	Twitter						
116	Spectrogram 1	1	1395.556	1395.582	7175.9	10995.4	7714.8	Twitter						
117	Spectrogram 1	3	1480.014	1480.714	4000.0	18000.0	9082.0	Trill	10.054036	15.072141	NaN	NaN	67.731855	0.000000
118	Spectrogram 1	2	1532.143	1532.233	4000.0	18000.0	8105.5	Trill	10.986908	16.820119	NaN	NaN	95.475773	0.000000
119	Spectrogram 1	3	1597.680	1598.050	4000.0	18000.0	8789.1	Trill	9.352421	13.634142	NaN	NaN	73.754173	0.000000
120	Spectrogram 1	1	1717.400	1717.440	4000.0	18000.0	10156.2	Sd-peep	7.882067	13.092944	NaN	NaN	60.682812	0.000000
121	Spectrogram 1	1	1745.530	1745.640	4000.0	18000.0	9375.0	Tse	8.173147	22.063692	NaN	NaN	47.981320	0.000000
122	Spectrogram 1	1	1745.830	1746.070	4000.0	18000.0	8789.1	P-peep	8.649593	21.198994	NaN	NaN	95.131082	0.000000
123	Spectrogram 1	1	1747.920	1747.980	4000.0	18000.0	11132.8	Tse	13.121165	22.479421	NaN	NaN	46.830174	0.000000
124	Spectrogram 1	1	1755.330	1755.390	4000.0	18000.0	9375.0	P-peep	9.125878	16.680468	NaN	NaN	82.053353	0.000000
125	Spectrogram 1	1	1756.320	1756.400	4000.0	18000.0	8984.4	P-peep	8.067753	17.990787	NaN	NaN	78.277401	0.000000
126	Spectrogram 1	3	1766.720	1766.930	4000.0	18000.0	9960.9	Sd-peep	8.701766	18.644169	NaN	NaN	100.655400	0.000000
127	Spectrogram 1	1	1824.690	1824.800	4000.0	18000.0	7812.5	Sd-peep	7.534796	14.032756	NaN	NaN	46.859349	0.000000
128	Spectrogram 1	2	1832.053	1832.232	4000.0	18000.0	7714.8	Trill	10.519166	17.096225	NaN	NaN	87.517713	0.000000
129	Spectrogram 1	1	1833.670	1833.780	4000.0	18000.0	8789.1	Tse	7.519410	18.864465	NaN	NaN	47.629820	0.000000
130	Spectrogram 1	2	1856.390	1856.715	4000.0	18000.0	7910.2	Trill	13.722814	19.745666	NaN	NaN	119.579297	0.000000
131	Spectrogram 1	2	1861.970	1862.256	4000.0	18000.0	7128.9	Trill	11.876634	17.367939	NaN	NaN	97.109889	0.000000
132	Spectrogram 1	1	1973.020	1973.100	4000.0	18000.0	9277.3	P-peep	8.465610	14.723103	NaN	NaN	96.259905	0.000000
133	Spectrogram 1	1	1975.840	1976.200	4000.0	18000.0	7519.5	Trill	14.944269	20.660669	NaN	NaN	112.795452	0.000000
134	Spectrogram 1	1	1976.290	1976.350	4000.0	18000.0	8886.7	Tse	14.002310	20.176225	NaN	NaN	114.875419	0.000000
135	Spectrogram 1	3	1978.890	1979.370	4000.0	18000.0	9179.7	Trill	9.636486	15.810383	NaN	NaN	76.981921	0.000000
136	Spectrogram 1	1	1987.490	1987.602	4000.0	18000.0	7812.5	Trill	10.816908	16.354095	NaN	NaN	74.062411	0.000000
137	Spectrogram 1	1	1987.637	1987.695	6597.2	11226.9	7324.2	Trill						
138	Spectrogram 1	1	2045.090	2045.190	4000.0	18000.0	9375.0	Tse	13.237107	20.176185	NaN	NaN	116.429818	0.000000
139	Spectrogram 1	1	2045.270	2045.330	4000.0	18000.0	9472.7	P-peep	7.927008	11.846653	NaN	NaN	69.633769	0.000000
140	Spectrogram 1	3	2113.320	2113.923	4000.0	18000.0	9277.3	Trill	12.566763	16.432766	NaN	NaN	85.444440	0.000000
141	Spectrogram 1	1	2174.460	2174.880	4000.0	18000.0	7714.8	Trill	15.864309	21.904518	NaN	NaN	115.732585	0.000000
142	Spectrogram 1	1	2180.800	2181.140	4000.0	18000.0	7324.2	Trill	15.627128	19.792930	NaN	NaN	106.092449	0.000000
143	Spectrogram 1	1	2181.310	2181.400	4000.0	18000.0	8398.4	Trill	10.992820	17.306344	NaN	NaN	87.250368	0.000000
144	Spectrogram 1	2	2181.330	2181.595	4000.0	18000.0	7421.9	Trill	9.069748	15.069232	NaN	NaN	94.325296	0.000000
145	Spectrogram 1	1	2197.990	2198.114	4000.0	18000.0	8496.1	Trill	8.063985	13.794388	NaN	NaN	66.679430	0.000000
146	Spectrogram 1	1	2198.161	2198.259	7754.6	10532.4	8203.1	Trill						
147	Spectrogram 1	1	2198.340	2198.400	4000.0	18000.0	8496.1	Trill	8.091587	12.931571	NaN	NaN	68.261892	0.000000
148	Spectrogram 1	1	2198.530	2198.590	4000.0	18000.0	9082.0	Trill	7.495623	13.342180	NaN	NaN	64.579126	0.000000
149	Spectrogram 1	2	2210.484	2210.715	6250.0	10763.9	7128.9	Trill						
150	Spectrogram 1	1	2242.350	2242.410	4000.0	18000.0	9570.3	Tse	9.031453	14.667442	NaN	NaN	74.476934	0.000000
151	Spectrogram 1	1	2246.840	2246.930	4000.0	18000.0	9375.0	Sd-peep	12.135079	18.069968	NaN	NaN	74.173459	0.000000
152	Spectrogram 1	1	2247.670	2247.840	4000.0	18000.0	9472.7	P-peep	10.222147	15.548363	NaN	NaN	78.656579	0.000000
153	Spectrogram 1	2	2254.520	2254.570	4000.0	18000.0	8203.1	Trill	13.147821	17.286003	NaN	NaN	84.757855	0.000000
154	Spectrogram 1	2	2254.620	2254.750	4000.0	18000.0	8398.4	Trill	9.119099	14.232639	NaN	NaN	75.684269	0.000000
155	Spectrogram 1	2	2261.730	2262.018	4000.0	18000.0	8203.1	Trill	10.051579	13.366544	NaN	NaN	72.509078	0.000000
156	Spectrogram 1	1	2268.132	2268.436	4000.0	18000.0	9863.3	Trill	9.711532	17.143161	NaN	NaN	70.149406	0.000000
157	Spectrogram 1	1	2268.453	2268.500	8564.8	10879.6	8789.1	Trill						
158	Spectrogram 1	1	2268.520	2268.569	8449.1	10995.4	8886.7	Trill						
159	Spectrogram 1	1	2268.589	2268.618	8333.3	10648.1	8984.4	Trill						
160	Spectrogram 1	1	2268.633	2268.650	8796.3	10995.4	9082.0							
161	Spectrogram 1	2	2284.620	2284.875	4000.0	18000.0	7617.2	Trill	12.613278	18.089479	NaN	NaN	107.104106	0.000000
162	Spectrogram 1	1	2286.180	2286.240	4000.0	18000.0	9472.7	Tse	14.398632	21.470568	NaN	NaN	110.425342	0.000000
163	Spectrogram 1	1	2286.310	2286.360	4000.0	18000.0	9179.7	Tse	11.394343	15.600637	NaN	NaN	85.317651	0.000000
164	Spectrogram 1	2	2318.490	2318.706	4000.0	18000.0	7617.2	Trill	17.407522	21.339438	NaN	NaN	144.448322	0.000000
165	Spectrogram 1	1	2319.830	2320.142	4000.0	18000.0	7324.2	Trill	12.821980	18.021175	NaN	NaN	102.412727	0.000000
166	Spectrogram 1	1	2320.234	2320.408	7986.1	12847.2	8691.4	Trill						
167	Spectrogram 1	1	2321.840	2322.130	4000.0	18000.0	8984.4	P-peep	6.961770	16.133762	NaN	NaN	78.540125	0.000000
168	Spectrogram 1	3	2340.970	2341.140	4000.0	18000.0	8593.7	Trill	15.029966	19.538068	NaN	NaN	120.671890	0.000000
169	Spectrogram 1	3	2341.230	2341.330	4000.0	18000.0	8300.8	Trill	7.670384	12.065687	NaN	NaN	65.166959	0.000000
170	Spectrogram 1	1	2365.748	2366.010	4000.0	18000.0	7324.2	Trill	10.209511	15.891229	NaN	NaN	76.122375	0.000000
171	Spectrogram 1	4	2414.560	2414.600	4000.0	18000.0	7519.5	Tse	9.350351	11.683234	NaN	NaN	46.946840	0.000000
172	Spectrogram 1	1	2686.370	2686.460	4000.0	18000.0	9277.3	Sd-peep	8.471542	14.253558	NaN	NaN	65.727320	0.000000
173	Spectrogram 1	2	2686.560	2686.660	4000.0	18000.0	7226.6	Trill	10.759443	14.191652	NaN	NaN	79.150102	0.000000
174	Spectrogram 1	2	2691.310	2691.410	4000.0	18000.0	7324.2	Trill	10.900665	17.702498	NaN	NaN	80.614990	0.000000
175	Spectrogram 1	2	2692.290	2692.470	4000.0	18000.0	6640.6	Trill	10.459209	15.065288	NaN	NaN	78.843859	0.000000
176	Spectrogram 1	2	2721.660	2721.780	4000.0	18000.0	7226.6	Trill	13.544233	18.616324	NaN	NaN	74.707423	0.000000
177	Spectrogram 1	2	2723.600	2723.856	4000.0	18000.0	7617.2	Trill	14.362442	18.198734	NaN	NaN	102.963825	0.000000
178	Spectrogram 1	2	2786.550	2786.874	4000.0	18000.0	7812.5	Trill	12.556503	16.423968	NaN	NaN	83.277308	0.000000
179	Spectrogram 1	1	2821.970	2822.160	4000.0	18000.0	6250.0	Sd-peep	8.390368	11.420059	NaN	NaN	37.503253	0.000000
180	Spectrogram 1	2	2866.120	2866.307	4000.0	18000.0	8007.8	Trill	7.816397	12.641537	NaN	NaN	62.523899	0.000000
181	Spectrogram 1	1	2944.240	2944.320	4000.0	18000.0	8984.4	Trill	10.799134	16.065964	NaN	NaN	86.866320	0.000000
182	Spectrogram 1	1	2954.530	2954.670	4000.0	18000.0	9375.0	Trill	10.668384	17.182148	NaN	NaN	85.491213	0.000000
183	Spectrogram 1	1	3012.390	3012.510	4000.0	18000.0	9277.3	Tse	11.762300	18.833145	NaN	NaN	94.299287	0.000000
184	Spectrogram 1	1	3070.900	3070.960	4000.0	18000.0	8691.4	P-peep	9.171224	18.026534	NaN	NaN	94.765541	0.000000
185	Spectrogram 1	3	3099.410	3100.830	4000.0	18000.0	8789.1	Phee	8.512649	20.710269	NaN	NaN	104.646380	0.000000
186	Spectrogram 1	2	3110.716	3110.948	4000.0	18000.0	8105.5	Trill	7.915972	13.090878	NaN	NaN	51.050018	0.000000
187	Spectrogram 1	2	3123.300	3123.554	4000.0	18000.0	8007.8	Trill	8.068106	14.054772	NaN	NaN	64.961088	0.000000
188	Spectrogram 1	2	3156.840	3157.121	4000.0	18000.0	8203.1	Trill	7.999171	13.956895	NaN	NaN	65.776539	0.000000
189	Spectrogram 1	2	3166.910	3167.222	4000.0	18000.0	8789.1	Trillphee	10.798611	17.922133	NaN	NaN	108.016127	0.000000
190	Spectrogram 1	2	3233.630	3233.720	4000.0	18000.0	7519.5	Trill	7.908830	12.388194	NaN	NaN	68.895492	0.000000
191	Spectrogram 1	1	3240.570	3240.750	4000.0	18000.0	9082.0	Trill	13.119141	20.409273	NaN	NaN	120.748138	0.000000
192	Spectrogram 1	2	3244.170	3244.392	4000.0	18000.0	6933.6	Trill	9.134810	13.042971	NaN	NaN	69.296859	0.000000
193	Spectrogram 1	1	3258.280	3258.350	4000.0	18000.0	9472.7	P-peep	10.469954	19.251372	NaN	NaN	104.454228	0.000000
194	Spectrogram 1	1	3259.140	3259.200	4000.0	18000.0	9570.3	P-peep	11.643614	18.892297	NaN	NaN	113.053737	0.000000
195	Spectrogram 1	2	3260.660	3260.860	4000.0	18000.0	7910.2	Trill	10.851541	14.672223	NaN	NaN	84.517641	0.000000
196	Spectrogram 1	1	3279.820	3280.000	4000.0	18000.0	9179.7	Trill	12.543252	19.992866	NaN	NaN	93.126079	0.000000
197	Spectrogram 1	1	3319.820	3319.860	4000.0	18000.0	8984.4	P-peep	11.216764	17.716928	NaN	NaN	95.124363	0.000000
198	Spectrogram 1	1	3321.030	3321.080	4000.0	18000.0	8984.4	P-peep	12.289434	18.563703	NaN	NaN	104.728671	0.000000
199	Spectrogram 1	1	3326.900	3326.970	4000.0	18000.0	8691.4	P-peep	8.079145	14.475108	NaN	NaN	79.452005	0.000000
200	Spectrogram 1	1	3330.340	3330.400	4000.0	18000.0	9277.3	P-peep	7.394864	13.591139	NaN	NaN	75.869576	0.000000
201	Spectrogram 1	1	3413.460	3413.550	4000.0	18000.0	9179.7	Tse	9.284756	18.500719	NaN	NaN	73.649700	0.000000
202	Spectrogram 1	2	3433.130	3433.230	4000.0	18000.0	7617.2	Trill	7.517728	12.979365	NaN	NaN	69.552556	0.000000
203	Spectrogram 1	2	3451.930	3452.000	4000.0	18000.0	8203.1	Trill	8.931542	14.594435	NaN	NaN	74.817732	0.000000
204	Spectrogram 1	2	3452.070	3452.450	4000.0	18000.0	8984.4	Phee	12.845639	24.748105	NaN	NaN	144.624579	0.000000
205	Spectrogram 1	2	3536.420	3536.530	4000.0	18000.0	7714.8	Trill	9.660075	16.527320	NaN	NaN	77.897248	0.000000
206	Spectrogram 1	1	3574.610	3574.680	4000.0	18000.0	9375.0	Tse	9.977300	18.475509	NaN	NaN	79.929042	0.000000
207	Spectrogram 1	1	3580.270	3580.330	4000.0	18000.0	9277.3	P-peep	7.555250	15.048554	NaN	NaN	66.934824	0.000000
208	Spectrogram 1	1	3597.280	3597.330	4000.0	18000.0	8984.4	P-peep	8.125209	15.744141	NaN	NaN	73.518700	0.000000
209	Spectrogram 1	1	3597.540	3597.600	4000.0	18000.0	8886.7	P-peep	9.605118	21.946206	NaN	NaN	101.013058	0.000000
210	Spectrogram 1	1	3597.780	3597.880	4000.0	18000.0	9082.0	P-peep	9.869027	19.962488	NaN	NaN	114.518127	0.000000
211	Spectrogram 1	2	3607.410	3607.617	4000.0	18000.0	7812.5	Trill	7.274093	12.670242	NaN	NaN	63.418239	0.000000
212	Spectrogram 1	1	3611.220	3611.290	4000.0	18000.0	9375.0	P-peep	11.092937	19.095079	NaN	NaN	89.148101	0.000000
213	Spectrogram 1	1	3612.860	3612.940	4000.0	18000.0	9277.3	P-peep	8.041153	15.954860	NaN	NaN	68.768198	0.000000
214	Spectrogram 1	1	3634.720	3636.090	4000.0	18000.0	8984.4	Trillphee	23.993234	36.765192	NaN	NaN	220.110594	0.000000
215	Spectrogram 1	2	3667.130	3667.180	4000.0	18000.0	6640.6	Sd-peep	8.896224	15.057276	NaN	NaN	66.034875	0.000000
216	Spectrogram 1	2	3706.830	3706.880	4000.0	18000.0	9570.3	Sd-peep	9.611511	16.998225	NaN	NaN	59.709219	0.000000
217	Spectrogram 1	2	3707.030	3707.337	4000.0	18000.0	8105.5	Trill	8.195890	10.673496	NaN	NaN	51.279576	0.000000
218	Spectrogram 1	2	3707.640	3707.690	4000.0	18000.0	8203.1	Tse	11.565183	17.835001	NaN	NaN	63.371592	0.000000
219	Spectrogram 1	2	3708.020	3708.070	4000.0	18000.0	8300.8	Tse	11.563827	15.776893	NaN	NaN	68.738873	0.000000
220	Spectrogram 1	2	3728.740	3728.790	4000.0	18000.0	9960.9	Tse	9.006113	12.177448	NaN	NaN	52.305918	0.000000
221	Spectrogram 1	2	3739.020	3739.050	4000.0	18000.0	9863.3	Sd-peep	7.133919	13.665161	NaN	NaN	45.049340	0.000000
49	Spectrogram 1	1	3750.230	3752.289	4000.0	18000.0	8886.7	Phee	5.144705	15.000000	NaN	NaN	150.963666	0.000000
222	Spectrogram 1	4	3802.860	3803.261	4000.0	18000.0	7617.2	Trill	11.570640	16.397516	NaN	NaN	68.689957	0.000000
223	Spectrogram 1	2	3814.140	3814.230	4000.0	18000.0	7617.2	Trill	9.378870	14.405442	NaN	NaN	53.804649	0.000000
224	Spectrogram 1	3	3820.440	3820.540	4000.0	18000.0	9179.7	Trill	9.098589	16.815252	NaN	NaN	66.710456	0.000000
225	Spectrogram 1	2	3858.680	3858.730	4000.0	18000.0	9765.6	Tse	8.463825	13.972317	NaN	NaN	58.302240	0.000000
226	Spectrogram 1	2	3866.340	3866.570	4000.0	18000.0	6738.3	Trill	7.326151	10.507519	NaN	NaN	44.535113	0.000000
227	Spectrogram 1	1	3893.250	3895.040	4000.0	18000.0	9082.0	P-peep	8.242308	23.291974	NaN	NaN	100.289869	0.000000
228	Spectrogram 1	3	3926.150	3926.280	4000.0	18000.0	8398.4	Trill	8.398191	13.741426	NaN	NaN	75.656941	0.000000
229	Spectrogram 1	3	3926.360	3926.750	4000.0	18000.0	9082.0	Trill	14.272835	21.781179	NaN	NaN	127.344004	0.000000
230	Spectrogram 1	2	3936.180	3936.290	4000.0	18000.0	7324.2	Trill	10.566583	15.732154	NaN	NaN	96.476301	0.000000
231	Spectrogram 1	3	3939.030	3939.140	4000.0	18000.0	8593.7	Trill	11.577113	17.453868	NaN	NaN	88.074664	0.000000
232	Spectrogram 1	3	3939.220	3939.420	4000.0	18000.0	8984.4	Trill	9.710307	15.965766	NaN	NaN	94.626470	0.000000
233	Spectrogram 1	1	3950.900	3951.050	4000.0	18000.0	8203.1	Trill	14.906997	19.451315	NaN	NaN	101.532258	0.000000
234	Spectrogram 1	1	3951.110	3951.160	4000.0	18000.0	8203.1	Trill	12.301663	16.578012	NaN	NaN	84.891275	0.000000
235	Spectrogram 1	3	3954.250	3954.730	4000.0	18000.0	8691.4	Trill	11.122000	14.160754	NaN	NaN	75.789883	0.000000
236	Spectrogram 1	2	4002.870	4002.960	4000.0	18000.0	7617.2	Trill	7.633148	11.250299	NaN	NaN	57.959958	0.000000
237	Spectrogram 1	3	4005.070	4005.700	4000.0	18000.0	9472.7	Trill	10.685535	17.603968	NaN	NaN	93.520954	0.000000
238	Spectrogram 1	2	4007.700	4007.990	4000.0	18000.0	8300.8	Trill	11.444985	14.729723	NaN	NaN	92.533375	0.000000
239	Spectrogram 1	2	4013.800	4014.135	4000.0	18000.0	7910.2	Trill	15.451262	20.634169	NaN	NaN	127.216385	0.000000
240	Spectrogram 1	2	4091.280	4091.536	4000.0	18000.0	7324.2	Trill	9.930094	16.449954	NaN	NaN	83.144942	0.000000
241	Spectrogram 1	1	4092.140	4092.180	4000.0	18000.0	8789.1	P-peep	12.426747	21.618093	NaN	NaN	148.012921	0.000000
242	Spectrogram 1	1	4092.340	4092.520	4000.0	18000.0	8789.1	P-peep	7.259384	17.106367	NaN	NaN	83.732164	0.000000
243	Spectrogram 1	1	4092.610	4092.670	4000.0	18000.0	8789.1	P-peep	11.373161	23.577760	NaN	NaN	134.580029	0.000000
244	Spectrogram 1	1	4092.800	4092.860	4000.0	18000.0	8789.1	P-peep	8.642693	21.145182	NaN	NaN	115.958184	0.000000
245	Spectrogram 1	1	4170.620	4170.890	4000.0	18000.0	8593.7	Trill	15.350038	20.446727	NaN	NaN	107.495681	0.000000
246	Spectrogram 1	1	4170.950	4171.050	4000.0	18000.0	8007.8	Trill	10.085101	13.379943	NaN	NaN	72.998129	0.000000
247	Spectrogram 1	2	4178.090	4178.301	4000.0	18000.0	7714.8	Trill	11.324725	16.529189	NaN	NaN	94.227414	0.000000
248	Spectrogram 1	4	4180.990	4181.627	4000.0	18000.0	7812.5	Trill	10.901070	18.006603	NaN	NaN	79.573197	0.000000
249	Spectrogram 1	1	4191.080	4191.150	4000.0	18000.0	9082.0	Trill	13.703701	19.611859	NaN	NaN	94.787162	0.000000
250	Spectrogram 1	3	4228.020	4228.710	4000.0	18000.0	10156.2	P-peep	7.731167	13.606399	NaN	NaN	67.326757	0.000000
251	Spectrogram 1	3	4263.290	4264.110	4000.0	18000.0	9472.7	Trill	11.324291	22.099840	NaN	NaN	126.897777	0.000000
252	Spectrogram 1	1	4299.000	4299.360	4000.0	18000.0	8300.8	Trill	17.404662	21.958669	NaN	NaN	147.696347	0.000000
253	Spectrogram 1	1	4299.680	4299.740	4000.0	18000.0	9277.3	P-peep	16.048847	23.787652	NaN	NaN	147.705166	0.000000
254	Spectrogram 1	2	4300.270	4300.440	4000.0	18000.0	8007.8	Trill	9.438110	13.006553	NaN	NaN	70.677098	0.000000
255	Spectrogram 1	2	4343.310	4343.400	4000.0	18000.0	8007.8	Trill	7.395870	10.801625	NaN	NaN	67.054751	0.000000
256	Spectrogram 1	2	4421.100	4421.230	4000.0	18000.0	7128.9	Trill	9.656990	12.388430	NaN	NaN	75.335028	0.000000
257	Spectrogram 1	2	4435.248	4435.358	4000.0	18000.0	7128.9	Trill	8.199080	11.297165	NaN	NaN	71.825345	0.000000
258	Spectrogram 1	2	4445.170	4445.451	4000.0	18000.0	6933.6	Trill	14.641346	18.624118	NaN	NaN	120.836898	0.000000
259	Spectrogram 1	1	4480.610	4480.650	4000.0	18000.0	8496.1	P-peep	8.775462	11.703474	NaN	NaN	90.970274	0.000000
260	Spectrogram 1	1	4482.680	4482.720	4000.0	18000.0	8593.7	P-peep	9.832498	12.255034	NaN	NaN	80.260065	0.000000
261	Spectrogram 1	1	4487.940	4488.020	4000.0	18000.0	8886.7	Trill	12.848402	16.527841	NaN	NaN	101.305523	0.000000
262	Spectrogram 1	1	4489.710	4489.780	4000.0	18000.0	8691.4	Trill	15.079501	17.508231	NaN	NaN	110.523423	0.000000
263	Spectrogram 1	2	4500.280	4500.360	4000.0	18000.0	7324.2	Trill	10.565941	12.926854	NaN	NaN	78.250323	0.000000
264	Spectrogram 1	2	4520.510	4520.600	4000.0	18000.0	8105.5	Trill	9.271521	11.849576	NaN	NaN	75.199221	0.000000
265	Spectrogram 1	1	4548.060	4548.130	4000.0	18000.0	8593.7	P-peep	10.392787	19.678038	NaN	NaN	136.957964	0.000000
266	Spectrogram 1	1	4548.280	4548.350	4000.0	18000.0	8691.4	P-peep	10.100566	22.972016	NaN	NaN	146.079956	0.000000
267	Spectrogram 1	1	4548.530	4548.630	4000.0	18000.0	8789.1	P-peep	7.136773	15.439307	NaN	NaN	97.955605	0.000000
268	Spectrogram 1	1	4548.800	4549.190	4000.0	18000.0	8984.4	P-peep	9.221924	17.282798	NaN	NaN	109.076003	0.000000
269	Spectrogram 1	1	4603.220	4603.270	4000.0	18000.0	9179.7	P-peep	11.562358	20.992936	NaN	NaN	116.791982	0.000000
270	Spectrogram 1	1	4619.610	4619.670	4000.0	18000.0	9082.0	P-peep	9.748707	13.021347	NaN	NaN	82.763635	0.000000
271	Spectrogram 1	2	4626.480	4626.560	4000.0	18000.0	7324.2	Trill	10.295809	14.215182	NaN	NaN	90.009122	0.000000
272	Spectrogram 1	2	4635.760	4635.830	4000.0	18000.0	7617.2	Trill	11.281499	13.538435	NaN	NaN	77.617272	0.000000
273	Spectrogram 1	3	4648.120	4648.577	4000.0	18000.0	8300.8	Trill	14.211788	18.276981	NaN	NaN	109.435794	0.000000
274	Spectrogram 1	2	4661.380	4661.489	4000.0	18000.0	7226.6	Trill	8.481554	11.570039	NaN	NaN	64.528580	0.000000
275	Spectrogram 1	2	4678.110	4678.190	4000.0	18000.0	7714.8	Trill	10.444248	13.891306	NaN	NaN	70.633841	0.000000
276	Spectrogram 1	2	4709.650	4709.980	4000.0	18000.0	6640.6	Trill	9.655580	14.721961	NaN	NaN	65.873233	0.000000
277	Spectrogram 1	1	4732.820	4733.310	4000.0	18000.0	8593.7	Trill	11.525589	14.519788	NaN	NaN	75.629088	0.000000
278	Spectrogram 1	1	4743.210	4743.300	4000.0	18000.0	8691.4	Trill	13.446204	17.461139	NaN	NaN	105.701471	0.000000
279	Spectrogram 1	1	4743.450	4743.520	4000.0	18000.0	8789.1	P-peep	10.006542	16.255995	NaN	NaN	108.014238	0.000000
280	Spectrogram 1	1	4743.750	4743.820	4000.0	18000.0	9082.0	P-peep	13.826271	25.308280	NaN	NaN	153.424115	0.000000
281	Spectrogram 1	1	4744.040	4744.080	4000.0	18000.0	9277.3	P-peep	11.454156	19.976344	NaN	NaN	100.849904	0.000000
282	Spectrogram 1	1	4886.480	4886.820	4000.0	18000.0	7617.2	Trill	13.605008	18.679895	NaN	NaN	93.003943	0.000000
283	Spectrogram 1	2	4900.130	4900.244	4000.0	18000.0	7324.2	Trill	7.198655	11.707117	NaN	NaN	55.037047	0.000000
284	Spectrogram 1	1	4901.072	4901.442	4000.0	18000.0	7812.5	Trill	13.615150	17.590272	NaN	NaN	90.312115	0.000000
285	Spectrogram 1	1	4913.030	4913.190	4000.0	18000.0	8007.8	Trill	14.251383	20.187123	NaN	NaN	130.120470	0.000000
286	Spectrogram 1	1	4913.367	4913.413	4000.0	18000.0	8984.4	Trill	9.667202	18.039081	NaN	NaN	104.395939	0.000000
287	Spectrogram 1	2	5026.980	5027.368	4000.0	18000.0	7128.9	Trill	11.109447	20.593530	NaN	NaN	86.588684	0.000000
288	Spectrogram 1	1	5034.200	5034.550	4000.0	18000.0	7617.2	Trill	14.073431	20.728536	NaN	NaN	105.377271	0.000000
289	Spectrogram 1	1	5081.540	5081.730	4000.0	18000.0	5371.1	Tse	12.654661	14.731267	NaN	NaN	41.530914	0.000000
290	Spectrogram 1	2	5096.220	5096.371	4000.0	18000.0	7226.6	Trill	9.839970	13.848567	NaN	NaN	77.875642	0.000000
291	Spectrogram 1	2	5105.150	5105.441	4000.0	18000.0	7226.6	Trill	9.039119	13.505223	NaN	NaN	63.540461	0.000000
292	Spectrogram 1	2	5119.410	5119.648	4000.0	18000.0	7421.9	Trill	10.682418	16.872765	NaN	NaN	76.538091	0.000000
293	Spectrogram 1	2	5121.020	5121.280	4000.0	18000.0	7031.2	Trill	9.509175	13.142665	NaN	NaN	70.289215	0.000000
294	Spectrogram 1	2	5123.270	5123.515	4000.0	18000.0	7617.2	Trill	10.173419	13.450024	NaN	NaN	60.863669	0.000000
295	Spectrogram 1	2	5126.500	5126.660	4000.0	18000.0	7617.2	Trill	10.149453	13.877160	NaN	NaN	64.429676	0.000000
296	Spectrogram 1	2	5153.330	5153.609	4000.0	18000.0	7226.6	Trill	10.198756	18.412082	NaN	NaN	71.101036	0.000000
297	Spectrogram 1	2	5204.310	5204.913	4000.0	18000.0	7617.2	Trill	11.651283	19.417822	NaN	NaN	98.783938	0.000000
298	Spectrogram 1	3	5281.020	5281.090	4000.0	18000.0	9765.6	P-peep	8.129328	15.143383	NaN	NaN	88.215982	0.000000
299	Spectrogram 1	1	5286.870	5286.930	4000.0	18000.0	9082.0	Sd-peep	9.668041	14.492869	NaN	NaN	75.433583	0.000000
300	Spectrogram 1	2	5293.910	5294.130	4000.0	18000.0	8300.8	Trill	13.356355	17.868056	NaN	NaN	102.848334	0.000000
301	Spectrogram 1	2	5295.870	5296.033	4000.0	18000.0	7128.9	Trill	10.516165	15.664936	NaN	NaN	81.921580	0.000000
302	Spectrogram 1	2	5319.820	5319.930	4000.0	18000.0	7812.5	Trill	7.412891	10.965883	NaN	NaN	51.777607	0.000000
303	Spectrogram 1	1	5323.450	5323.510	4000.0	18000.0	8984.4	Sd-peep	10.662563	14.006946	NaN	NaN	79.535474	0.000000
304	Spectrogram 1	2	5324.340	5324.511	4000.0	18000.0	7128.9	Trill	7.606561	11.625780	NaN	NaN	62.197641	0.000000
305	Spectrogram 1	2	5371.010	5371.319	4000.0	18000.0	7128.9	Trill	10.037485	13.683863	NaN	NaN	73.515633	0.000000
306	Spectrogram 1	2	5382.670	5382.926	4000.0	18000.0	7714.8	Trill	11.372461	16.493720	NaN	NaN	96.181324	0.000000
307	Spectrogram 1	2	5387.870	5387.999	4000.0	18000.0	7324.2	Trill	11.329804	16.433525	NaN	NaN	84.481461	0.000000
308	Spectrogram 1	2	5398.550	5398.757	4000.0	18000.0	7421.9	Trill	12.145192	16.148682	NaN	NaN	87.339685	0.000000
309	Spectrogram 1	2	5445.080	5445.303	4000.0	18000.0	7031.2	Trill	10.349696	14.121212	NaN	NaN	73.868091	0.000000
310	Spectrogram 1	2	5452.620	5453.106	4000.0	18000.0	7617.2	Trill	8.560336	12.663795	NaN	NaN	64.203475	0.000000
311	Spectrogram 1	2	5455.790	5455.830	4000.0	18000.0	10839.8	Twitter	11.597121	20.462608	NaN	NaN	85.727838	0.000000
312	Spectrogram 1	2	5455.955	5455.990	4000.0	18000.0	9375.0	Twitter	10.778153	20.817908	NaN	NaN	53.854027	0.000000
313	Spectrogram 1	2	5456.103	5456.150	4000.0	18000.0	8691.4	Twitter	8.154857	19.601178	NaN	NaN	51.210918	0.000000
314	Spectrogram 1	2	5456.236	5456.291	4000.0	18000.0	6738.3	Twitter	7.201501	17.675111	NaN	NaN	44.393820	0.000000
315	Spectrogram 1	2	5456.377	5456.435	5787.0	14467.6	6738.3	Twitter						
316	Spectrogram 1	2	5456.505	5456.563	6250.0	12731.5	8105.5	Twitter						
317	Spectrogram 1	2	5456.638	5456.696	6018.5	14699.1	8105.5	Twitter						
318	Spectrogram 1	2	5456.768	5456.820	4000.0	18000.0	8105.5	Twitter	12.261577	21.721122	NaN	NaN	77.698229	0.000000
319	Spectrogram 1	2	5456.880	5456.950	4000.0	18000.0	7714.8	Twitter	8.821969	15.951431	NaN	NaN	68.315856	0.000000
320	Spectrogram 1	2	5457.010	5457.060	4000.0	18000.0	6835.9	Twitter	8.549337	13.062863	NaN	NaN	65.882998	0.000000
321	Spectrogram 1	2	5517.140	5517.448	4000.0	18000.0	7812.5	Trill	7.552706	11.965666	NaN	NaN	57.335556	0.000000
322	Spectrogram 1	2	5548.070	5548.700	4000.0	18000.0	8984.4	Trillphee	9.777968	20.287782	NaN	NaN	98.114819	0.000000
323	Spectrogram 1	2	5552.820	5553.058	4000.0	18000.0	7519.5	Trill	9.296419	12.125618	NaN	NaN	71.963702	0.000000
