Selection	View	Channel	Begin Time (s)	End Time (s)	Low Freq (Hz)	High Freq (Hz)	Max Freq (Hz)	Call Type	Energy Diff	Energy Par	Energy Diff (wl)	Energy Par (wl)	AHR	Exception
10	Spectrogram 1	1	410.560	410.630	4000.0	18000.0	8984.4	P-peep	10.478334	17.028766	NaN	NaN	102.771071	0.000000
157	Spectrogram 1	1	2638.234	2638.326	5861.9	10596.7	8203.1	P-peep						
170	Spectrogram 1	2	2741.253	2741.270	4182.9	9807.6	5859.4	P-peep						
3	Spectrogram 1	1	135.670	137.710	4000.0	18000.0	8984.4	Phee	5.221354	15.000000	NaN	NaN	131.712891	0.000000
18	Spectrogram 1	1	616.148	616.879	4000.0	18000.0	7812.5	Phee	14.829163	23.092598	NaN	NaN	115.759454	0.000000
20	Spectrogram 1	1	635.912	635.971	4000.0	18000.0	8398.4	Phee	8.297540	15.862644	NaN	NaN	80.410147	0.000000
21	Spectrogram 1	1	636.098	636.425	4000.0	18000.0	9179.7	Phee	13.867296	27.212992	NaN	NaN	125.644809	0.000000
26	Spectrogram 1	1	735.980	738.296	4000.0	18000.0	8789.1	Phee	4.332162	15.000000	NaN	NaN	98.025112	0.000000
39	Spectrogram 1	1	990.980	992.540	4000.0	18000.0	8984.4	Phee	9.673551	20.201841	NaN	NaN	96.280294	0.000000
41	Spectrogram 1	1	1034.682	1036.044	4000.0	18000.0	8984.4	Phee	20.818397	39.418900	NaN	NaN	173.735490	0.000000
42	Spectrogram 1	1	1036.099	1036.233	3915.7	12048.2	8984.4	Phee						
43	Spectrogram 1	1	1036.292	1036.824	4216.9	12349.4	8984.4	Phee						
77	Spectrogram 1	1	1445.980	1446.980	4000.0	18000.0	8593.7	Phee	9.272020	17.728470	NaN	NaN	89.608678	0.000000
95	Spectrogram 1	1	1803.829	1803.937	4000.0	18000.0	8984.4	Phee	16.031891	23.895792	NaN	NaN	128.884019	0.000000
135	Spectrogram 1	1	2336.480	2336.530	4000.0	18000.0	8007.8	Phee	10.570126	16.139041	NaN	NaN	82.120905	0.000000
136	Spectrogram 1	1	2336.580	2336.640	4000.0	18000.0	8398.4	Phee	13.182483	18.751343	NaN	NaN	100.922400	0.000000
137	Spectrogram 1	1	2336.758	2337.090	4000.0	18000.0	8984.4	Phee	12.706091	22.680810	NaN	NaN	104.957653	0.000000
142	Spectrogram 1	1	2481.553	2482.608	4000.0	18000.0	16601.6	Phee	13.540049	28.913969	NaN	NaN	129.464416	0.000000
147	Spectrogram 1	1	2531.315	2531.507	3915.7	12650.6	8593.7	Phee						
158	Spectrogram 1	1	2638.344	2640.115	4000.0	18000.0	8984.4	Phee	5.064418	15.000000	NaN	NaN	74.750547	0.000000
215	Spectrogram 1	2	3440.110	3441.630	4000.0	18000.0	8789.1	Phee	3.837169	15.000000	NaN	NaN	70.684042	0.000000
216	Spectrogram 1	2	3442.250	3443.376	4000.0	18000.0	8593.7	Phee	3.933532	15.000000	NaN	NaN	64.720648	0.000000
217	Spectrogram 1	1	3556.150	3556.287	4000.0	18000.0	8398.4	Phee	13.528636	29.356059	NaN	NaN	132.272767	0.000000
218	Spectrogram 1	1	3556.330	3557.298	5722.9	14156.6	8984.4	Phee						
219	Spectrogram 1	1	3557.353	3557.545	4216.9	12951.8	8984.4	Phee						
220	Spectrogram 1	1	3557.764	3557.829	5120.5	12048.2	8007.8	Phee						
221	Spectrogram 1	1	3557.878	3558.448	3313.3	12048.2	8398.4	Phee						
252	Spectrogram 1	1	3898.027	3898.283	3012.0	10843.4	8398.4	Phee						
253	Spectrogram 1	1	3898.329	3898.664	5421.7	11445.8	8593.7	Phee						
254	Spectrogram 1	1	3898.752	3899.574	3313.3	11747.0	8789.1	Phee						
255	Spectrogram 1	1	3906.880	3908.968	4000.0	18000.0	8789.1	Phee	4.830432	15.000000	NaN	NaN	127.942429	0.000000
256	Spectrogram 1	4	3918.753	3921.150	4000.0	18000.0	7226.6	Phee	4.676311	15.000000	NaN	NaN	122.785660	0.000000
261	Spectrogram 1	1	4124.130	4126.323	4000.0	18000.0	8593.7	Phee	5.350534	15.000000	NaN	NaN	104.446793	0.000000
263	Spectrogram 1	1	4173.369	4175.385	4000.0	18000.0	8789.1	Phee	5.793181	15.000000	NaN	NaN	140.897896	0.000000
279	Spectrogram 1	4	4518.500	4520.540	4000.0	18000.0	7812.5	Phee	5.435330	15.000000	NaN	NaN	110.866697	0.000000
280	Spectrogram 1	1	4540.370	4542.770	4000.0	18000.0	8984.4	Phee	3.110597	15.000000	NaN	NaN	85.435831	0.000000
285	Spectrogram 1	1	4610.640	4612.452	4000.0	18000.0	8789.1	Phee	4.499443	15.000000	NaN	NaN	107.856877	0.000000
310	Spectrogram 1	1	4750.630	4752.340	4000.0	18000.0	8789.1	Phee	9.301982	24.423431	NaN	NaN	114.109561	0.000000
311	Spectrogram 1	1	4761.310	4763.445	4000.0	18000.0	8789.1	Phee	4.374828	15.000000	NaN	NaN	108.438479	0.000000
313	Spectrogram 1	1	4828.660	4831.032	4000.0	18000.0	8789.1	Phee	4.618220	15.000000	NaN	NaN	122.803832	0.000000
324	Spectrogram 1	1	5055.685	5057.707	4000.0	18000.0	8789.1	Phee	5.573818	15.000000	NaN	NaN	102.114354	0.000000
325	Spectrogram 1	1	5110.011	5112.352	4000.0	18000.0	8789.1	Phee	4.586083	15.000000	NaN	NaN	101.615983	0.000000
328	Spectrogram 1	1	5152.719	5154.888	4000.0	18000.0	8789.1	Phee	6.633507	15.000000	NaN	NaN	80.375562	0.000000
330	Spectrogram 1	1	5164.519	5166.670	4000.0	18000.0	9179.7	Phee	6.179402	15.000000	NaN	NaN	133.080433	0.000000
343	Spectrogram 1	1	5248.260	5250.419	4000.0	18000.0	8789.1	Phee	4.466655	15.000000	NaN	NaN	106.981694	0.000000
346	Spectrogram 1	1	5319.780	5322.005	4000.0	18000.0	8789.1	Phee	4.995106	15.000000	NaN	NaN	117.077531	0.000000
350	Spectrogram 1	1	5441.370	5443.361	4000.0	18000.0	9179.7	Phee	5.849810	15.000000	NaN	NaN	129.210004	0.000000
380	Spectrogram 1	3	5895.940	5896.440	4000.0	18000.0	8984.4	Phee	7.523617	16.099230	NaN	NaN	66.597260	0.000000
1	Spectrogram 1	3	65.381	66.138	4000.0	18000.0	8789.1	Trill	9.492886	16.105698	NaN	NaN	72.032918	0.000000
2	Spectrogram 1	2	92.090	92.581	4000.0	18000.0	7812.5	Trill	10.025258	15.885827	NaN	NaN	72.274772	0.000000
4	Spectrogram 1	2	255.930	256.269	4000.0	18000.0	7031.2	Trill	11.927700	19.656816	NaN	NaN	77.840194	0.000000
5	Spectrogram 1	4	259.470	259.910	4000.0	18000.0	7226.6	Trill	13.175399	17.438901	NaN	NaN	72.841395	0.000000
6	Spectrogram 1	1	271.079	271.530	4000.0	18000.0	7421.9	Trill	13.502239	21.783340	NaN	NaN	98.303232	0.000000
7	Spectrogram 1	3	388.077	388.730	4000.0	18000.0	8984.4	Trill	9.031798	17.450976	NaN	NaN	64.498720	0.000000
8	Spectrogram 1	3	395.759	396.560	4000.0	18000.0	8398.4	Trill	9.666766	17.715204	NaN	NaN	71.792689	0.000000
9	Spectrogram 1	1	410.250	410.430	4000.0	18000.0	8789.1	Trill	12.592876	21.782658	NaN	NaN	111.375339	0.000000
11	Spectrogram 1	1	410.920	411.050	4000.0	18000.0	8789.1	Trill	10.765262	17.061284	NaN	NaN	89.013169	0.000000
12	Spectrogram 1	2	416.163	416.544	4000.0	18000.0	7226.6	Trill	12.228637	19.426181	NaN	NaN	78.122493	0.000000
13	Spectrogram 1	2	590.554	591.078	4000.0	18000.0	6445.3	Trill	16.468526	22.511765	NaN	NaN	95.411890	0.000000
14	Spectrogram 1	3	592.153	592.642	4000.0	18000.0	8789.1	Trill	9.326388	16.664992	NaN	NaN	68.458710	0.000000
15	Spectrogram 1	2	596.250	596.506	4000.0	18000.0	7031.2	Trill	8.297261	17.832397	NaN	NaN	54.174979	0.000000
17	Spectrogram 1	3	614.070	614.819	4000.0	18000.0	8007.8	Trill	8.570963	16.249642	NaN	NaN	70.200389	0.000000
19	Spectrogram 1	1	634.580	635.582	4000.0	18000.0	8203.1	Trill	16.167682	27.661255	NaN	NaN	128.834481	0.000000
22	Spectrogram 1	1	659.391	659.860	4000.0	18000.0	8593.7	Trill	15.028593	22.711430	NaN	NaN	107.330528	0.000000
23	Spectrogram 1	2	661.708	661.795	4000.0	18000.0	8007.8	Trill	9.129834	16.302510	NaN	NaN	66.190087	0.000000
24	Spectrogram 1	1	707.430	707.650	4000.0	18000.0	8007.8	Trill	8.364995	16.131947	NaN	NaN	63.263749	0.000000
25	Spectrogram 1	1	707.740	707.830	4000.0	18000.0	8984.4	Trill	9.349646	17.428239	NaN	NaN	79.740620	0.000000
27	Spectrogram 1	3	762.850	763.070	4000.0	18000.0	8593.7	Trill	8.012607	14.785153	NaN	NaN	63.541021	0.000000
28	Spectrogram 1	2	765.250	765.345	4000.0	18000.0	7226.6	Trill	7.851038	16.023172	NaN	NaN	68.910046	0.000000
29	Spectrogram 1	2	773.969	774.201	4000.0	18000.0	8203.1	Trill	11.493224	18.963289	NaN	NaN	99.422200	0.000000
30	Spectrogram 1	1	790.230	790.300	4000.0	18000.0	8789.1	Trill	10.640651	16.367705	NaN	NaN	84.615162	0.000000
31	Spectrogram 1	2	798.090	798.306	4000.0	18000.0	7812.5	Trill	11.310684	19.021194	NaN	NaN	90.612080	0.000000
32	Spectrogram 1	2	827.728	828.235	4000.0	18000.0	7617.2	Trill	10.565465	19.860654	NaN	NaN	69.554181	0.000000
33	Spectrogram 1	2	833.820	834.241	4000.0	18000.0	7421.9	Trill	13.657768	21.842292	NaN	NaN	78.793011	0.000000
34	Spectrogram 1	1	843.070	843.499	4000.0	18000.0	8007.8	Trill	15.817916	24.070091	NaN	NaN	108.063714	0.000000
35	Spectrogram 1	2	864.900	865.000	4000.0	18000.0	7031.2	Trill	10.106211	15.454898	NaN	NaN	45.862336	0.000000
36	Spectrogram 1	3	969.554	970.100	4000.0	18000.0	9375.0	Trill	9.108190	14.728527	NaN	NaN	67.767331	0.000000
38	Spectrogram 1	1	981.305	981.373	7932.7	12753.9	9179.7	Trill						
40	Spectrogram 1	3	1014.940	1015.550	4000.0	18000.0	9765.6	Trill	8.933340	14.827888	NaN	NaN	74.085534	0.000000
44	Spectrogram 1	2	1038.550	1038.710	4000.0	18000.0	7812.5	Trill	9.313554	15.367820	NaN	NaN	67.028404	0.000000
45	Spectrogram 1	1	1067.089	1067.226	4000.0	18000.0	9570.3	Trill	14.055968	20.112690	NaN	NaN	90.690006	0.000000
46	Spectrogram 1	1	1067.282	1067.331	4518.1	13253.0	8593.7	Trill						
59	Spectrogram 1	2	1109.620	1109.733	4000.0	18000.0	8398.4	Trill	9.231268	15.127828	NaN	NaN	72.998463	0.000000
60	Spectrogram 1	2	1147.900	1148.051	4000.0	18000.0	8398.4	Trill	7.916442	14.835887	NaN	NaN	59.011130	0.000000
61	Spectrogram 1	3	1227.370	1227.900	4000.0	18000.0	7617.2	Trill	7.617105	14.357370	NaN	NaN	46.294798	0.000000
62	Spectrogram 1	4	1237.990	1238.376	4000.0	18000.0	7031.2	Trill	7.205664	14.245763	NaN	NaN	45.521072	0.000000
63	Spectrogram 1	2	1283.010	1283.269	4000.0	18000.0	7421.9	Trill	12.182897	19.005275	NaN	NaN	83.086476	0.000000
64	Spectrogram 1	1	1285.912	1285.960	4000.0	18000.0	7421.9	Trill	12.817978	17.946133	NaN	NaN	96.342703	0.000000
65	Spectrogram 1	1	1286.039	1286.070	4000.0	18000.0	7812.5	Trill	10.382437	14.850586	NaN	NaN	64.113761	0.000000
66	Spectrogram 1	1	1286.154	1286.210	4000.0	18000.0	8007.8	Trill	13.584706	19.532350	NaN	NaN	99.741921	0.000000
67	Spectrogram 1	1	1307.660	1307.774	4000.0	18000.0	7421.9	Trill	14.704984	20.310280	NaN	NaN	104.244398	0.000000
68	Spectrogram 1	1	1307.783	1307.899	2108.4	15060.2	7226.6	Trill						
69	Spectrogram 1	1	1307.924	1307.986	3313.3	12349.4	7421.9	Trill						
70	Spectrogram 1	1	1335.195	1335.557	4000.0	18000.0	8398.4	Trill	17.153907	24.144364	NaN	NaN	118.155192	0.000000
71	Spectrogram 1	3	1367.570	1367.910	4000.0	18000.0	8984.4	Trill	8.382976	14.720616	NaN	NaN	47.660659	0.000000
73	Spectrogram 1	1	1373.560	1373.830	4000.0	18000.0	7812.5	Trill	14.494607	22.650294	NaN	NaN	94.498623	0.000000
74	Spectrogram 1	3	1406.490	1407.090	4000.0	18000.0	8007.8	Trill	8.066625	13.362081	NaN	NaN	58.224452	0.000000
75	Spectrogram 1	2	1408.187	1408.413	4000.0	18000.0	7421.9	Trill	8.011819	15.679305	NaN	NaN	56.897474	0.000000
76	Spectrogram 1	1	1409.030	1409.390	4000.0	18000.0	8789.1	Trill	9.212984	16.814713	NaN	NaN	65.813216	0.000000
78	Spectrogram 1	2	1452.410	1452.520	4000.0	18000.0	7617.2	Trill	12.484373	19.321522	NaN	NaN	80.009653	0.000000
79	Spectrogram 1	2	1452.610	1452.660	4000.0	18000.0	8203.1	Trill	8.676481	12.689256	NaN	NaN	68.303681	0.000000
80	Spectrogram 1	2	1455.563	1455.830	4000.0	18000.0	7617.2	Trill	8.491802	14.438766	NaN	NaN	61.943174	0.000000
81	Spectrogram 1	2	1460.650	1460.902	4000.0	18000.0	7812.5	Trill	7.937799	14.090167	NaN	NaN	72.942598	0.000000
82	Spectrogram 1	2	1472.900	1473.008	4000.0	18000.0	8007.8	Trill	10.046291	15.625602	NaN	NaN	70.251827	0.000000
83	Spectrogram 1	2	1474.340	1474.568	4000.0	18000.0	7421.9	Trill	8.236024	12.269166	NaN	NaN	58.967703	0.000000
84	Spectrogram 1	4	1478.260	1478.656	4000.0	18000.0	7421.9	Trill	10.158391	16.522774	NaN	NaN	67.295432	0.000000
85	Spectrogram 1	2	1542.260	1542.570	4000.0	18000.0	8593.7	Trill	10.752066	16.333548	NaN	NaN	60.666770	0.000000
86	Spectrogram 1	4	1544.900	1545.050	4000.0	18000.0	7421.9	Trill	10.001513	15.090207	NaN	NaN	48.496354	0.000000
87	Spectrogram 1	4	1550.070	1550.400	4000.0	18000.0	6835.9	Trill	7.637893	13.656958	NaN	NaN	45.750526	0.000000
88	Spectrogram 1	4	1563.230	1563.481	4000.0	18000.0	7226.6	Trill	10.438817	16.158031	NaN	NaN	51.962278	0.000000
89	Spectrogram 1	3	1616.910	1617.204	4000.0	18000.0	9375.0	Trill	10.686639	16.765395	NaN	NaN	65.665429	0.000000
90	Spectrogram 1	2	1624.590	1624.707	4000.0	18000.0	7617.2	Trill	7.385397	12.628768	NaN	NaN	49.363742	0.000000
91	Spectrogram 1	2	1660.878	1661.090	4000.0	18000.0	8593.7	Trill	9.537296	14.917024	NaN	NaN	60.252904	0.000000
93	Spectrogram 1	2	1745.190	1745.300	4000.0	18000.0	8203.1	Trill	8.024461	13.697365	NaN	NaN	49.436144	0.000000
96	Spectrogram 1	1	1805.256	1805.360	4000.0	18000.0	8789.1	Trill	15.187776	23.963234	NaN	NaN	122.009793	0.000000
98	Spectrogram 1	2	1854.584	1854.850	4000.0	18000.0	8203.1	Trill	8.650884	17.341953	NaN	NaN	78.901475	0.000000
99	Spectrogram 1	2	1962.540	1962.666	4000.0	18000.0	8007.8	Trill	8.074021	15.423908	NaN	NaN	71.992318	0.000000
100	Spectrogram 1	1	1969.640	1969.953	4000.0	18000.0	8007.8	Trill	11.347075	17.977895	NaN	NaN	53.855131	0.000000
101	Spectrogram 1	1	1972.726	1972.916	4000.0	18000.0	8593.7	Trill	11.343852	18.762121	NaN	NaN	95.299417	0.000000
102	Spectrogram 1	1	1991.720	1991.810	4000.0	18000.0	9375.0	Trill	16.318040	23.387772	NaN	NaN	114.677783	0.000000
103	Spectrogram 1	2	2055.330	2055.637	4000.0	18000.0	7812.5	Trill	7.198072	12.796260	NaN	NaN	46.433377	0.000000
104	Spectrogram 1	2	2074.066	2074.257	4000.0	18000.0	8398.4	Trill	6.979459	11.975245	NaN	NaN	55.286706	0.000000
105	Spectrogram 1	2	2083.980	2084.448	4000.0	18000.0	6835.9	Trill	8.869198	16.397688	NaN	NaN	65.813633	0.000000
106	Spectrogram 1	2	2129.193	2129.685	4000.0	18000.0	7226.6	Trill	15.500921	25.250221	NaN	NaN	95.301325	0.000000
107	Spectrogram 1	2	2132.909	2133.412	4000.0	18000.0	7226.6	Trill	17.386890	27.416994	NaN	NaN	130.113105	0.000000
108	Spectrogram 1	2	2147.010	2147.295	4000.0	18000.0	7421.9	Trill	10.587993	15.543170	NaN	NaN	49.356059	0.000000
109	Spectrogram 1	2	2154.981	2155.310	4000.0	18000.0	7421.9	Trill	11.809727	20.273588	NaN	NaN	78.482153	0.000000
119	Spectrogram 1	2	2171.640	2172.044	4000.0	18000.0	8203.1	Trill	15.923091	22.929073	NaN	NaN	90.686417	0.000000
120	Spectrogram 1	4	2196.360	2196.960	4000.0	18000.0	8007.8	Trill	9.561781	18.271468	NaN	NaN	62.795034	0.000000
121	Spectrogram 1	1	2207.016	2207.584	4000.0	18000.0	7812.5	Trill	21.141649	30.042137	NaN	NaN	138.759551	0.000000
122	Spectrogram 1	1	2212.459	2213.069	4000.0	18000.0	7421.9	Trill	22.594136	31.022041	NaN	NaN	153.120429	0.000000
123	Spectrogram 1	1	2270.740	2271.370	4000.0	18000.0	7617.2	Trill	11.128981	20.692011	NaN	NaN	80.378411	0.000000
124	Spectrogram 1	1	2292.040	2292.300	4000.0	18000.0	7812.5	Trill	12.084638	22.008720	NaN	NaN	105.722404	0.000000
125	Spectrogram 1	1	2292.400	2292.460	4000.0	18000.0	8398.4	Trill	12.643283	18.229775	NaN	NaN	84.881229	0.000000
126	Spectrogram 1	2	2306.030	2306.291	4000.0	18000.0	8398.4	Trill	8.718748	14.795321	NaN	NaN	58.742189	0.000000
127	Spectrogram 1	1	2324.360	2324.650	4000.0	18000.0	7812.5	Trill	7.878993	15.782520	NaN	NaN	68.635401	0.000000
128	Spectrogram 1	1	2324.780	2324.840	4000.0	18000.0	9179.7	Trill	8.626926	16.284554	NaN	NaN	55.043974	0.000000
129	Spectrogram 1	1	2332.922	2333.227	4000.0	18000.0	7617.2	Trill	14.454674	21.678372	NaN	NaN	88.504515	0.000000
130	Spectrogram 1	1	2333.252	2333.335	3614.5	14457.8	7812.5	Trill						
131	Spectrogram 1	1	2335.636	2335.790	4000.0	18000.0	7226.6	Trill	11.943242	19.373417	NaN	NaN	93.385631	0.000000
132	Spectrogram 1	1	2335.843	2335.915	2409.6	13253.0	8593.7	Trill						
133	Spectrogram 1	1	2335.966	2336.019	3313.3	13554.2	8398.4	Trill						
134	Spectrogram 1	1	2336.204	2336.260	4000.0	18000.0	8593.7	Trill	12.086737	18.953684	NaN	NaN	98.766987	0.000000
138	Spectrogram 1	1	2367.900	2368.479	4000.0	18000.0	7617.2	Trill	14.732650	22.888808	NaN	NaN	105.651698	0.000000
139	Spectrogram 1	1	2394.232	2394.424	3915.7	14156.6	7617.2	Trill						
140	Spectrogram 1	2	2470.000	2470.308	4000.0	18000.0	8007.8	Trill	11.326684	17.162335	NaN	NaN	94.451058	0.000000
141	Spectrogram 1	4	2471.850	2472.370	4000.0	18000.0	7031.2	Trill	8.965605	16.675144	NaN	NaN	76.128087	0.000000
143	Spectrogram 1	1	2485.574	2486.215	4000.0	18000.0	7812.5	Trill	10.276294	19.618577	NaN	NaN	81.326571	0.000000
146	Spectrogram 1	1	2531.100	2531.183	3915.7	13554.2	8593.7	Trill						
148	Spectrogram 1	1	2542.418	2542.743	4000.0	18000.0	8398.4	Trill	8.644906	15.567530	NaN	NaN	57.922308	0.000000
149	Spectrogram 1	1	2553.390	2553.623	4000.0	18000.0	8007.8	Trill	12.079590	17.410669	NaN	NaN	63.483906	0.000000
150	Spectrogram 1	3	2559.586	2560.030	4000.0	18000.0	9375.0	Trill	8.488529	15.020305	NaN	NaN	58.376608	0.000000
151	Spectrogram 1	2	2561.790	2562.029	4000.0	18000.0	8007.8	Trill	7.923146	14.514139	NaN	NaN	64.765650	0.000000
152	Spectrogram 1	2	2572.200	2572.380	4000.0	18000.0	7812.5	Trill	7.219418	13.247008	NaN	NaN	52.056330	0.000000
153	Spectrogram 1	3	2596.930	2597.350	4000.0	18000.0	8789.1	Trill	8.833703	17.313993	NaN	NaN	70.069816	0.000000
154	Spectrogram 1	2	2599.210	2599.450	4000.0	18000.0	7812.5	Trill	9.038447	14.768366	NaN	NaN	54.848148	0.000000
155	Spectrogram 1	2	2623.684	2623.931	4000.0	18000.0	8203.1	Trill	7.082781	13.431625	NaN	NaN	58.852094	0.000000
156	Spectrogram 1	4	2627.680	2627.920	4000.0	18000.0	7617.2	Trill	9.789202	14.683732	NaN	NaN	47.278307	0.000000
159	Spectrogram 1	2	2687.861	2688.047	4000.0	18000.0	7617.2	Trill	7.324794	12.212335	NaN	NaN	55.599329	0.000000
160	Spectrogram 1	4	2692.510	2693.061	4000.0	18000.0	7617.2	Trill	9.907165	16.070735	NaN	NaN	69.501579	0.000000
183	Spectrogram 1	2	2805.865	2806.199	4000.0	18000.0	8203.1	Trill	7.447566	12.716367	NaN	NaN	51.332606	0.000000
184	Spectrogram 1	2	2845.120	2845.237	4000.0	18000.0	7812.5	Trill	9.911420	16.475128	NaN	NaN	71.454168	0.000000
185	Spectrogram 1	2	3046.917	3047.099	4000.0	18000.0	7617.2	Trill	14.083663	21.980219	NaN	NaN	85.473360	0.000000
186	Spectrogram 1	2	3048.450	3048.655	4000.0	18000.0	7421.9	Trill	7.952334	15.113634	NaN	NaN	52.857430	0.000000
187	Spectrogram 1	2	3050.540	3050.865	4000.0	18000.0	7226.6	Trill	8.558032	14.825719	NaN	NaN	64.418264	0.000000
188	Spectrogram 1	3	3052.220	3052.960	4000.0	18000.0	8593.7	Trill	10.809659	17.538871	NaN	NaN	78.918160	0.000000
189	Spectrogram 1	2	3086.770	3087.225	4000.0	18000.0	8007.8	Trill	10.774360	17.411076	NaN	NaN	76.358032	0.000000
190	Spectrogram 1	4	3091.080	3091.652	4000.0	18000.0	8203.1	Trill	9.116325	18.086192	NaN	NaN	61.411523	0.000000
191	Spectrogram 1	2	3092.181	3092.558	7129.2	14093.1	7421.9	Trill						
192	Spectrogram 1	2	3106.463	3106.978	4000.0	18000.0	8398.4	Trill	11.781151	22.789079	NaN	NaN	94.884325	0.000000
194	Spectrogram 1	1	3123.965	3124.220	4000.0	18000.0	9375.0	Trill	8.745482	16.369188	NaN	NaN	61.618471	0.000000
195	Spectrogram 1	2	3149.145	3149.460	4000.0	18000.0	7812.5	Trill	15.699832	22.018994	NaN	NaN	95.012847	0.000000
196	Spectrogram 1	2	3155.622	3156.048	4000.0	18000.0	8203.1	Trill	14.322149	25.051523	NaN	NaN	123.437379	0.000000
197	Spectrogram 1	2	3159.950	3160.160	4000.0	18000.0	8007.8	Trill	7.054140	13.496793	NaN	NaN	50.181692	0.000000
198	Spectrogram 1	2	3184.820	3185.228	4000.0	18000.0	7812.5	Trill	8.679459	15.266242	NaN	NaN	73.822699	0.000000
199	Spectrogram 1	3	3185.660	3185.940	4000.0	18000.0	8203.1	Trill	8.752653	14.652501	NaN	NaN	60.018395	0.000000
206	Spectrogram 1	4	3191.910	3191.950	4000.0	18000.0	6640.6	Trill	8.020711	13.915522	NaN	NaN	59.995994	0.000000
207	Spectrogram 1	2	3270.310	3270.430	4000.0	18000.0	7812.5	Trill	9.891570	16.777597	NaN	NaN	71.793050	0.000000
208	Spectrogram 1	2	3275.209	3275.456	4000.0	18000.0	7812.5	Trill	11.040477	17.658705	NaN	NaN	82.713489	0.000000
209	Spectrogram 1	2	3328.873	3329.200	4000.0	18000.0	8789.1	Trill	15.094442	24.890879	NaN	NaN	97.815864	0.000000
210	Spectrogram 1	2	3374.949	3375.170	4216.9	13855.4	8789.1	Trill						
211	Spectrogram 1	2	3379.980	3380.300	4000.0	18000.0	7812.5	Trill	11.907622	18.392224	NaN	NaN	95.362798	0.000000
212	Spectrogram 1	2	3388.641	3388.875	4000.0	18000.0	7812.5	Trill	12.340592	19.138118	NaN	NaN	73.962974	0.000000
213	Spectrogram 1	2	3414.470	3414.637	4000.0	18000.0	8398.4	Trill	7.931279	13.784622	NaN	NaN	60.214630	0.000000
214	Spectrogram 1	2	3426.255	3426.532	4000.0	18000.0	7812.5	Trill	13.538895	20.301942	NaN	NaN	81.075662	0.000000
222	Spectrogram 1	2	3573.134	3573.530	4000.0	18000.0	7812.5	Trill	12.776469	21.550671	NaN	NaN	104.858840	0.000000
223	Spectrogram 1	2	3616.507	3616.758	4000.0	18000.0	7617.2	Trill	9.221922	15.545268	NaN	NaN	67.899229	0.000000
236	Spectrogram 1	2	3766.170	3766.262	4000.0	18000.0	7031.2	Trill	13.141188	17.465786	NaN	NaN	73.737552	0.000000
247	Spectrogram 1	3	3781.460	3782.030	4000.0	18000.0	8203.1	Trill	7.985540	14.032969	NaN	NaN	49.465939	0.000000
248	Spectrogram 1	2	3801.132	3801.409	4000.0	18000.0	8203.1	Trill	10.411716	18.258375	NaN	NaN	68.371481	0.000000
249	Spectrogram 1	1	3858.600	3858.935	4000.0	18000.0	7617.2	Trill	9.737878	19.539174	NaN	NaN	76.783819	0.000000
250	Spectrogram 1	1	3861.470	3861.560	4000.0	18000.0	8984.4	Trill	12.221392	19.741376	NaN	NaN	86.218630	0.000000
251	Spectrogram 1	1	3897.807	3897.934	4000.0	18000.0	8398.4	Trill	22.243173	37.946622	NaN	NaN	156.489498	0.000000
257	Spectrogram 1	2	4020.910	4021.190	4000.0	18000.0	7421.9	Trill	8.131021	13.909528	NaN	NaN	57.721666	0.000000
258	Spectrogram 1	3	4046.240	4046.830	4000.0	18000.0	8789.1	Trill	9.236665	15.564048	NaN	NaN	65.782875	0.000000
259	Spectrogram 1	2	4054.646	4054.995	4000.0	18000.0	8007.8	Trill	10.716055	18.364865	NaN	NaN	89.250123	0.000000
260	Spectrogram 1	2	4118.883	4119.150	4000.0	18000.0	7421.9	Trill	7.595657	15.491106	NaN	NaN	60.606930	0.000000
262	Spectrogram 1	2	4144.290	4144.600	4000.0	18000.0	7812.5	Trill	7.382259	14.782017	NaN	NaN	73.050796	0.000000
264	Spectrogram 1	2	4223.901	4224.180	4000.0	18000.0	8007.8	Trill	10.727525	17.504650	NaN	NaN	83.340919	0.000000
265	Spectrogram 1	2	4232.490	4232.800	4000.0	18000.0	8203.1	Trill	10.658427	19.046110	NaN	NaN	83.834953	0.000000
266	Spectrogram 1	1	4237.320	4237.470	4000.0	18000.0	9375.0	Trill	12.068853	18.631867	NaN	NaN	89.309833	0.000000
267	Spectrogram 1	2	4315.030	4315.330	4000.0	18000.0	8593.7	Trill	7.686343	14.850029	NaN	NaN	58.141245	0.000000
268	Spectrogram 1	3	4330.710	4331.180	4000.0	18000.0	8593.7	Trill	7.604132	14.161892	NaN	NaN	55.696999	0.000000
269	Spectrogram 1	2	4375.319	4375.610	4000.0	18000.0	8203.1	Trill	14.591301	21.186146	NaN	NaN	95.982157	0.000000
270	Spectrogram 1	2	4383.380	4383.530	4000.0	18000.0	7617.2	Trill	13.390455	19.821898	NaN	NaN	72.016823	0.000000
271	Spectrogram 1	2	4386.280	4386.700	4000.0	18000.0	7812.5	Trill	13.872108	20.544234	NaN	NaN	82.430719	0.000000
272	Spectrogram 1	2	4414.340	4414.640	4000.0	18000.0	7617.2	Trill	7.405773	14.129076	NaN	NaN	55.120352	0.000000
273	Spectrogram 1	1	4457.501	4457.573	4000.0	18000.0	8398.4	Trill	11.172194	19.291727	NaN	NaN	83.395800	0.000000
274	Spectrogram 1	1	4457.635	4457.682	4518.1	12048.2	8203.1	Trill						
275	Spectrogram 1	1	4457.797	4457.841	4518.1	12650.6	8789.1	Trill						
276	Spectrogram 1	3	4475.740	4476.290	4000.0	18000.0	8984.4	Trill	12.783071	19.717359	NaN	NaN	84.404320	0.000000
277	Spectrogram 1	2	4483.991	4484.460	4000.0	18000.0	7812.5	Trill	17.255859	26.536228	NaN	NaN	125.020499	0.000000
278	Spectrogram 1	2	4503.010	4503.284	4000.0	18000.0	8593.7	Trill	7.632258	14.467439	NaN	NaN	51.970987	0.000000
281	Spectrogram 1	2	4555.501	4555.727	4819.3	13253.0	7421.9	Trill						
282	Spectrogram 1	2	4555.861	4556.100	4000.0	18000.0	7226.6	Trill	14.946520	22.010963	NaN	NaN	98.122940	0.000000
283	Spectrogram 1	2	4559.238	4559.470	4000.0	18000.0	8203.1	Trill	9.396502	15.789068	NaN	NaN	72.250228	0.000000
284	Spectrogram 1	2	4560.140	4560.325	4000.0	18000.0	7031.2	Trill	11.564633	18.071913	NaN	NaN	85.040521	0.000000
286	Spectrogram 1	1	4616.814	4617.108	4000.0	18000.0	8789.1	Trill	9.509211	19.382828	NaN	NaN	93.568151	0.000000
287	Spectrogram 1	1	4627.870	4627.990	4000.0	18000.0	8593.7	Trill	12.408358	20.343073	NaN	NaN	105.583671	0.000000
298	Spectrogram 1	1	4662.071	4662.257	4000.0	18000.0	8789.1	Trill	10.204855	16.217417	NaN	NaN	49.541601	0.000000
300	Spectrogram 1	3	4688.210	4688.720	4000.0	18000.0	7812.5	Trill	11.027796	17.620137	NaN	NaN	76.365945	0.000000
301	Spectrogram 1	2	4689.720	4690.040	4000.0	18000.0	8984.4	Trill	7.694203	16.475586	NaN	NaN	58.107405	0.000000
302	Spectrogram 1	2	4693.856	4694.111	4000.0	18000.0	8203.1	Trill	12.330982	19.426576	NaN	NaN	78.913850	0.000000
303	Spectrogram 1	2	4701.550	4701.867	4000.0	18000.0	7812.5	Trill	7.530592	15.535558	NaN	NaN	66.242374	0.000000
304	Spectrogram 1	2	4716.010	4716.190	4000.0	18000.0	8398.4	Trill	7.870885	13.665902	NaN	NaN	53.708341	0.000000
305	Spectrogram 1	3	4720.920	4721.548	4000.0	18000.0	8593.7	Trill	10.893448	18.752113	NaN	NaN	80.010857	0.000000
306	Spectrogram 1	2	4723.112	4723.380	4000.0	18000.0	7812.5	Trill	8.172312	15.945020	NaN	NaN	72.831279	0.000000
307	Spectrogram 1	2	4737.269	4737.452	4000.0	18000.0	8007.8	Trill	12.721304	19.909311	NaN	NaN	97.066422	0.000000
308	Spectrogram 1	2	4742.140	4742.368	4000.0	18000.0	7617.2	Trill	7.951311	14.716020	NaN	NaN	66.720961	0.000000
309	Spectrogram 1	2	4745.030	4745.200	4000.0	18000.0	8789.1	Trill	8.067172	13.428473	NaN	NaN	50.044840	0.000000
312	Spectrogram 1	2	4784.870	4785.178	4000.0	18000.0	8007.8	Trill	7.651762	12.667441	NaN	NaN	50.967597	0.000000
314	Spectrogram 1	1	4879.980	4880.529	4000.0	18000.0	8203.1	Trill	9.020557	18.160857	NaN	NaN	62.549583	0.000000
315	Spectrogram 1	2	4887.710	4887.950	4000.0	18000.0	7226.6	Trill	13.142653	21.656638	NaN	NaN	88.209843	0.000000
316	Spectrogram 1	2	4891.366	4891.611	4000.0	18000.0	7226.6	Trill	8.844862	16.402297	NaN	NaN	67.388727	0.000000
317	Spectrogram 1	2	4934.020	4934.300	4000.0	18000.0	7421.9	Trill	7.362937	13.213065	NaN	NaN	54.765264	0.000000
318	Spectrogram 1	1	4948.726	4948.840	4000.0	18000.0	9570.3	Trill	12.674137	21.267866	NaN	NaN	96.204548	0.000000
321	Spectrogram 1	1	5023.030	5023.613	4000.0	18000.0	7617.2	Trill	10.889695	17.791358	NaN	NaN	72.980962	0.000000
323	Spectrogram 1	2	5046.370	5046.560	4000.0	18000.0	7421.9	Trill	9.379900	14.955268	NaN	NaN	59.497118	0.000000
326	Spectrogram 1	1	5129.075	5129.326	4000.0	18000.0	8789.1	Trill	12.191150	20.184482	NaN	NaN	82.268657	0.000000
327	Spectrogram 1	1	5143.950	5144.221	4000.0	18000.0	8984.4	Trill	13.611615	22.447070	NaN	NaN	80.000535	0.000000
329	Spectrogram 1	2	5162.690	5162.850	4000.0	18000.0	7421.9	Trill	7.809093	14.865127	NaN	NaN	46.735782	0.000000
331	Spectrogram 1	4	5170.460	5170.898	4000.0	18000.0	7617.2	Trill	10.704091	19.444468	NaN	NaN	72.998335	0.000000
340	Spectrogram 1	2	5219.942	5220.098	4000.0	18000.0	7617.2	Trill	8.505428	14.909403	NaN	NaN	58.885512	0.000000
341	Spectrogram 1	2	5242.353	5242.545	3012.0	11445.8	7226.6	Trill						
342	Spectrogram 1	2	5247.524	5247.880	4000.0	18000.0	7421.9	Trill	13.647489	20.134869	NaN	NaN	90.039773	0.000000
344	Spectrogram 1	2	5259.442	5259.555	4000.0	18000.0	7421.9	Trill	9.731350	16.783428	NaN	NaN	79.339164	0.000000
345	Spectrogram 1	4	5276.566	5276.995	4000.0	18000.0	8007.8	Trill	11.340609	19.368553	NaN	NaN	82.857841	0.000000
348	Spectrogram 1	1	5387.300	5387.610	4000.0	18000.0	8593.7	Trill	11.965442	22.374813	NaN	NaN	76.751029	0.000000
349	Spectrogram 1	1	5388.960	5389.225	4000.0	18000.0	9375.0	Trill	12.595548	21.892515	NaN	NaN	87.126490	0.000000
351	Spectrogram 1	4	5447.010	5447.662	4000.0	18000.0	8593.7	Trill	12.867531	22.471369	NaN	NaN	91.856176	0.000000
353	Spectrogram 1	2	5458.826	5459.054	3614.5	11747.0	8203.1	Trill						
354	Spectrogram 1	2	5459.611	5459.749	4000.0	18000.0	7617.2	Trill	13.836847	19.963887	NaN	NaN	89.478113	0.000000
355	Spectrogram 1	2	5521.498	5521.702	4000.0	18000.0	6835.9	Trill	8.751784	14.787773	NaN	NaN	56.384870	0.000000
356	Spectrogram 1	2	5524.370	5524.657	4000.0	18000.0	6835.9	Trill	10.199150	15.563733	NaN	NaN	62.540405	0.000000
357	Spectrogram 1	3	5525.290	5525.830	4000.0	18000.0	8593.7	Trill	11.354259	19.033894	NaN	NaN	71.165986	0.000000
358	Spectrogram 1	2	5530.600	5530.739	4000.0	18000.0	7226.6	Trill	8.752574	14.950257	NaN	NaN	64.649899	0.000000
359	Spectrogram 1	2	5545.970	5546.460	4000.0	18000.0	7617.2	Trill	12.013308	20.142790	NaN	NaN	75.469021	0.000000
373	Spectrogram 1	2	5592.120	5592.350	4000.0	18000.0	7421.9	Trill	8.078564	14.405283	NaN	NaN	62.969205	0.000000
374	Spectrogram 1	2	5593.590	5593.870	4000.0	18000.0	7617.2	Trill	9.392578	15.404212	NaN	NaN	60.791501	0.000000
375	Spectrogram 1	2	5614.120	5614.470	4000.0	18000.0	8203.1	Trill	10.262605	20.042605	NaN	NaN	88.557292	0.000000
376	Spectrogram 1	2	5646.780	5647.080	4000.0	18000.0	7617.2	Trill	7.366216	13.601394	NaN	NaN	56.248295	0.000000
377	Spectrogram 1	2	5763.840	5764.101	4000.0	18000.0	7421.9	Trill	7.065751	13.913293	NaN	NaN	53.412372	0.000000
378	Spectrogram 1	2	5813.671	5813.868	3915.7	12048.2	8007.8	Trill						
379	Spectrogram 1	2	5819.310	5819.600	4000.0	18000.0	8203.1	Trill	7.305289	14.768982	NaN	NaN	60.553473	0.000000
381	Spectrogram 1	2	5950.150	5950.420	4000.0	18000.0	8398.4	Trill	8.217555	15.443330	NaN	NaN	60.192929	0.000000
382	Spectrogram 1	2	5983.364	5983.450	4000.0	18000.0	7421.9	Trill	11.117865	15.800777	NaN	NaN	76.701827	0.000000
383	Spectrogram 1	2	5983.530	5983.630	4000.0	18000.0	8398.4	Trill	9.982593	14.806259	NaN	NaN	72.354783	0.000000
384	Spectrogram 1	2	6016.142	6016.410	4000.0	18000.0	7617.2	Trill	8.864837	16.910146	NaN	NaN	63.495493	0.000000
16	Spectrogram 1	2	599.627	599.700	4000.0	18000.0	8593.7	Trill	7.119319	12.394416	NaN	NaN	45.620416	0.000000
352	Spectrogram 1	1	5456.494	5456.700	4000.0	18000.0	9375.0	Trill	13.566261	22.543922	NaN	NaN	105.561904	0.000000
319	Spectrogram 1	1	4956.552	4956.660	4000.0	18000.0	8789.1	Trill	13.271832	22.944325	NaN	NaN	98.134495	0.000000
360	Spectrogram 1	2	5547.589	5547.680	4000.0	18000.0	10546.9	Trill-Twitter	13.068307	24.247653	NaN	NaN	82.358793	0.000000
37	Spectrogram 1	1	980.840	981.183	4000.0	18000.0	9375.0	Trillphee	11.377771	19.572186	NaN	NaN	96.893897	0.000000
47	Spectrogram 1	1	1074.023	1074.378	4000.0	18000.0	8984.4	Trillphee	9.275775	15.884353	NaN	NaN	80.544126	0.000000
92	Spectrogram 1	1	1661.540	1661.880	4000.0	18000.0	8789.1	Trillphee	8.759182	18.341897	NaN	NaN	92.199838	0.000000
94	Spectrogram 1	1	1802.831	1803.240	4000.0	18000.0	8789.1	Trillphee	17.398672	26.033262	NaN	NaN	141.458175	0.000000
97	Spectrogram 1	2	1842.410	1842.810	4000.0	18000.0	8398.4	Trillphee	7.958725	15.597736	NaN	NaN	66.823524	0.000000
144	Spectrogram 1	1	2515.680	2516.700	4000.0	18000.0	8789.1	Trillphee	8.940303	19.554132	NaN	NaN	76.345627	0.000000
145	Spectrogram 1	1	2523.880	2524.840	4000.0	18000.0	8593.7	Trillphee	8.064226	15.000000	NaN	NaN	132.167677	0.000000
161	Spectrogram 1	2	2737.860	2738.160	4000.0	18000.0	8789.1	Trillphee	12.352017	20.391413	NaN	NaN	92.274077	0.000000
193	Spectrogram 1	1	3118.370	3119.150	4000.0	18000.0	8789.1	Trillphee	9.880880	17.138867	NaN	NaN	82.677656	0.000000
299	Spectrogram 1	4	4672.641	4673.410	4000.0	18000.0	7421.9	Trillphee	10.069041	21.193174	NaN	NaN	102.184865	0.000000
320	Spectrogram 1	1	4962.854	4963.010	4000.0	18000.0	8984.4	Trillphee	10.363430	16.776774	NaN	NaN	93.732514	0.000000
322	Spectrogram 1	3	5026.900	5027.332	4000.0	18000.0	9765.6	Trillphee	12.158335	18.693164	NaN	NaN	79.282925	0.000000
347	Spectrogram 1	1	5348.079	5348.300	4000.0	18000.0	8984.4	Trillphee	10.773169	20.085098	NaN	NaN	96.958994	0.000000
48	Spectrogram 1	1	1089.002	1089.068	4000.0	18000.0	11132.8	Twitter	11.376141	22.884880	NaN	NaN	49.995890	0.000000
49	Spectrogram 1	1	1089.146	1089.192	3313.3	15361.4	7812.5	Twitter						
50	Spectrogram 1	1	1089.280	1089.308	2710.8	15963.9	7421.9	Twitter						
51	Spectrogram 1	1	1089.410	1089.444	1506.0	15361.4	7421.9	Twitter						
52	Spectrogram 1	1	1089.541	1089.583	3313.3	15963.9	7226.6	Twitter						
53	Spectrogram 1	1	1089.675	1089.714	3915.7	16867.5	7226.6	Twitter						
54	Spectrogram 1	1	1089.802	1089.846	3012.0	16265.1	7226.6	Twitter						
55	Spectrogram 1	1	1089.925	1089.968	2108.4	16566.3	7031.2	Twitter						
56	Spectrogram 1	1	1090.052	1090.093	2710.8	15963.9	7226.6	Twitter						
57	Spectrogram 1	1	1090.167	1090.211	1506.0	14156.6	7031.2	Twitter						
58	Spectrogram 1	1	1090.283	1090.324	3012.0	12349.4	7031.2	Twitter						
110	Spectrogram 1	1	2161.161	2161.219	4000.0	18000.0	11328.1	Twitter	9.819537	17.294330	NaN	NaN	52.829579	0.000000
111	Spectrogram 1	1	2161.299	2161.332	3012.0	15060.2	7812.5	Twitter						
112	Spectrogram 1	1	2161.419	2161.449	3915.7	14759.0	7617.2	Twitter						
113	Spectrogram 1	1	2161.546	2161.574	3313.3	13253.0	7421.9	Twitter						
114	Spectrogram 1	1	2161.667	2161.694	3313.3	14457.8	7226.6	Twitter						
115	Spectrogram 1	1	2161.784	2161.817	3012.0	13253.0	7226.6	Twitter						
116	Spectrogram 1	1	2161.902	2161.939	2409.6	15662.7	7226.6	Twitter						
117	Spectrogram 1	1	2162.020	2162.059	2710.8	14457.8	7226.6	Twitter						
118	Spectrogram 1	1	2162.140	2162.170	4518.1	12951.8	8007.8	Twitter						
162	Spectrogram 1	2	2740.165	2740.234	4216.9	15361.4	11132.8	Twitter						
163	Spectrogram 1	2	2740.322	2740.370	4000.0	18000.0	9570.3	Twitter	9.412896	23.185575	NaN	NaN	58.227179	0.000000
164	Spectrogram 1	2	2740.460	2740.506	4000.0	18000.0	7031.2	Twitter	11.466634	24.704057	NaN	NaN	65.855031	0.000000
165	Spectrogram 1	2	2740.596	2740.645	2409.6	13855.4	7031.2	Twitter						
166	Spectrogram 1	2	2740.730	2740.783	2710.8	13855.4	6835.9	Twitter						
167	Spectrogram 1	2	2740.862	2740.917	2409.6	13253.0	8398.4	Twitter						
168	Spectrogram 1	2	2740.993	2741.047	3614.5	12951.8	7617.2	Twitter						
169	Spectrogram 1	2	2741.120	2741.160	4000.0	18000.0	7031.2	Twitter	8.516224	17.147973	NaN	NaN	68.181112	0.000000
171	Spectrogram 1	1	2783.302	2783.330	4000.0	18000.0	11328.1	Twitter	9.379185	20.691098	NaN	NaN	46.051667	0.000000
172	Spectrogram 1	1	2783.420	2783.452	4216.9	15361.4	8789.1	Twitter						
173	Spectrogram 1	1	2783.559	2783.586	5120.5	14457.8	7617.2	Twitter						
174	Spectrogram 1	1	2783.690	2783.723	3012.0	15361.4	7421.9	Twitter						
175	Spectrogram 1	1	2783.817	2783.861	2409.6	16566.3	7421.9	Twitter						
176	Spectrogram 1	1	2783.949	2783.988	4216.9	15662.7	7226.6	Twitter						
177	Spectrogram 1	1	2784.069	2784.113	3012.0	16566.3	7226.6	Twitter						
178	Spectrogram 1	1	2784.194	2784.235	1807.2	16566.3	7421.9	Twitter						
179	Spectrogram 1	1	2784.309	2784.353	3313.3	15361.4	7421.9	Twitter						
180	Spectrogram 1	1	2784.424	2784.471	1807.2	14457.8	7226.6	Twitter						
181	Spectrogram 1	1	2784.538	2784.582	3012.0	12650.6	7812.5	Twitter						
182	Spectrogram 1	1	2784.672	2784.697	5120.5	11747.0	7617.2	Twitter						
200	Spectrogram 1	4	3191.046	3191.083	8468.4	16771.5	10546.9	Twitter						
201	Spectrogram 1	4	3191.208	3191.260	4000.0	18000.0	6835.9	Twitter	11.008358	23.666986	NaN	NaN	57.427908	0.000000
202	Spectrogram 1	4	3191.358	3191.406	4000.0	18000.0	6835.9	Twitter	10.582962	23.537137	NaN	NaN	46.400227	0.000000
203	Spectrogram 1	4	3191.497	3191.550	4000.0	18000.0	7031.2	Twitter	10.901272	23.527225	NaN	NaN	49.757142	0.000000
204	Spectrogram 1	4	3191.638	3191.696	4000.0	18000.0	6835.9	Twitter	7.715296	18.536633	NaN	NaN	50.541202	0.000000
205	Spectrogram 1	4	3191.775	3191.821	5254.3	12486.0	6445.3	Twitter						
224	Spectrogram 1	1	3721.740	3721.790	4000.0	18000.0	12500.0	Twitter	13.093033	21.531809	NaN	NaN	69.568189	0.000000
225	Spectrogram 1	1	3721.858	3721.898	4000.0	18000.0	7617.2	Twitter	8.782163	19.470339	NaN	NaN	44.271227	0.000000
226	Spectrogram 1	1	3721.993	3722.027	5254.3	16771.5	7617.2	Twitter						
227	Spectrogram 1	1	3722.122	3722.156	5254.3	15164.5	7421.9	Twitter						
228	Spectrogram 1	1	3722.244	3722.284	6057.8	14896.6	7421.9	Twitter						
229	Spectrogram 1	1	3722.373	3722.410	5522.1	15432.3	7226.6	Twitter						
230	Spectrogram 1	1	3722.499	3722.532	5254.3	15968.0	7226.6	Twitter						
231	Spectrogram 1	1	3722.618	3722.652	5254.3	15164.5	7226.6	Twitter						
232	Spectrogram 1	1	3722.738	3722.778	5522.1	17039.4	7226.6	Twitter						
233	Spectrogram 1	1	3722.857	3722.903	5522.1	16503.7	7226.6	Twitter						
234	Spectrogram 1	1	3722.971	3723.010	6057.8	15968.0	7226.6	Twitter						
235	Spectrogram 1	1	3723.087	3723.124	7129.2	13557.4	8007.8	Twitter						
237	Spectrogram 1	1	3771.710	3771.760	4000.0	18000.0	10742.2	Twitter	12.350149	23.800220	NaN	NaN	77.942156	0.000000
238	Spectrogram 1	1	3771.844	3771.868	6325.6	13289.6	10546.9	Twitter						
239	Spectrogram 1	1	3771.957	3771.991	4000.0	18000.0	11523.4	Twitter	10.019054	18.632559	NaN	NaN	49.394014	0.000000
240	Spectrogram 1	1	3772.091	3772.121	4000.0	18000.0	7031.2	Twitter	8.683267	19.109209	NaN	NaN	42.019606	0.000000
241	Spectrogram 1	1	3772.213	3772.250	2710.8	15060.2	6640.6	Twitter						
242	Spectrogram 1	1	3772.340	3772.382	1807.2	15361.4	7421.9	Twitter						
243	Spectrogram 1	1	3772.458	3772.499	2710.8	15361.4	7226.6	Twitter						
244	Spectrogram 1	1	3772.578	3772.619	3012.0	14759.0	8593.7	Twitter						
245	Spectrogram 1	1	3772.700	3772.739	3915.7	13253.0	8398.4	Twitter						
246	Spectrogram 1	1	3772.827	3772.849	6057.8	11146.8	8203.1	Twitter						
288	Spectrogram 1	1	4649.048	4649.089	4000.0	18000.0	12500.0	Twitter	8.833178	19.945187	NaN	NaN	50.162028	0.000000
289	Spectrogram 1	1	4649.175	4649.205	4216.9	14759.0	8203.1	Twitter						
290	Spectrogram 1	1	4649.306	4649.332	3614.5	12951.8	8007.8	Twitter						
291	Spectrogram 1	1	4649.440	4649.473	2409.6	14156.6	7617.2	Twitter						
292	Spectrogram 1	1	4649.574	4649.611	2409.6	16566.3	7617.2	Twitter						
293	Spectrogram 1	1	4649.701	4649.736	3313.3	15963.9	7617.2	Twitter						
294	Spectrogram 1	1	4649.828	4649.865	2108.4	16566.3	7617.2	Twitter						
295	Spectrogram 1	1	4649.946	4649.985	3614.5	15963.9	7617.2	Twitter						
296	Spectrogram 1	1	4650.068	4650.110	2710.8	13253.0	7617.2	Twitter						
297	Spectrogram 1	1	4650.181	4650.216	3915.7	12650.6	7421.9	Twitter						
332	Spectrogram 1	4	5203.000	5203.056	4000.0	18000.0	13281.2	Twitter	8.216403	22.890707	NaN	NaN	53.123620	0.000000
333	Spectrogram 1	4	5203.160	5203.210	4000.0	18000.0	6835.9	Twitter	11.128266	24.533330	NaN	NaN	49.508293	0.000000
334	Spectrogram 1	4	5203.320	5203.370	4000.0	18000.0	6640.6	Twitter	11.422089	24.925529	NaN	NaN	51.686397	0.000000
335	Spectrogram 1	4	5203.470	5203.536	4000.0	18000.0	6640.6	Twitter	7.254756	20.138844	NaN	NaN	39.298980	0.000000
336	Spectrogram 1	4	5203.623	5203.679	4450.7	15164.5	6640.6	Twitter						
337	Spectrogram 1	4	5203.772	5203.829	4718.6	17575.1	6445.3	Twitter						
338	Spectrogram 1	4	5203.904	5203.963	4986.4	14361.0	6250.0	Twitter						
339	Spectrogram 1	4	5204.052	5204.089	4718.6	11414.7	6250.0	Twitter						
361	Spectrogram 1	2	5547.809	5547.846	5421.7	15963.9	10351.6	Twitter						
362	Spectrogram 1	2	5547.950	5548.010	4000.0	18000.0	8984.4	Twitter	10.979575	26.784192	NaN	NaN	59.616693	0.000000
364	Spectrogram 1	2	5548.102	5548.153	3915.7	15662.7	8789.1	Twitter						
365	Spectrogram 1	2	5548.247	5548.294	3915.7	15060.2	8789.1	Twitter						
366	Spectrogram 1	2	5548.379	5548.430	3915.7	15662.7	8789.1	Twitter						
367	Spectrogram 1	2	5548.518	5548.573	3313.3	15662.7	8789.1	Twitter						
368	Spectrogram 1	2	5548.661	5548.716	3012.0	15361.4	8593.7	Twitter						
369	Spectrogram 1	2	5548.797	5548.859	3614.5	15060.2	8007.8	Twitter						
370	Spectrogram 1	2	5548.929	5548.989	3614.5	12650.6	6445.3	Twitter						
371	Spectrogram 1	2	5549.060	5549.120	4000.0	18000.0	7031.2	Twitter	10.255087	19.732510	NaN	NaN	79.947349	0.000000
385	Spectrogram 1	1	4650.302	4650.319	4477.6	13806.0	8007.8	Twitter						
386	Spectrogram 1	1	2162.261	2162.284	4104.5	13806.0	7812.5	Twitter						
