Selection	View	Channel	Begin Time (s)	End Time (s)	Low Freq (Hz)	High Freq (Hz)	Max Freq (Hz)	Call Type	Energy Diff	Energy Par	Energy Diff (wl)	Energy Par (wl)	AHR	Exception
1	Spectrogram 1	2	519.070	519.686	4000.0	18000.0	8398.4	Phee	8.714656	15.000000	NaN	NaN	184.550790	0.000000
2	Spectrogram 1	2	519.830	520.330	4000.0	18000.0	8300.8	Phee	9.104608	15.000000	NaN	NaN	137.869243	0.000000
3	Spectrogram 1	2	783.270	783.722	4000.0	18000.0	8984.4	Phee	8.788188	15.000000	NaN	NaN	94.084600	0.000000
4	Spectrogram 1	2	844.270	845.450	4000.0	18000.0	8789.1	Phee	10.012303	15.000000	NaN	NaN	155.010516	0.000000
5	Spectrogram 1	2	845.630	846.060	4000.0	18000.0	8105.5	Phee	10.901260	15.000000	NaN	NaN	125.871044	0.000000
6	Spectrogram 1	4	1970.480	1972.850	4000.0	18000.0	8398.4	Phee	6.239235	15.000000	NaN	NaN	140.063943	0.000000
7	Spectrogram 1	2	2079.340	2079.986	4000.0	18000.0	8691.4	Phee	8.224068	15.000000	NaN	NaN	149.987354	0.000000
8	Spectrogram 1	2	2080.110	2080.772	4000.0	18000.0	8398.4	Phee	8.996902	15.000000	NaN	NaN	181.364587	0.000000
9	Spectrogram 1	4	2158.340	2160.406	4000.0	18000.0	8105.5	Phee	3.944955	15.000000	NaN	NaN	135.891859	0.000000
10	Spectrogram 1	4	2160.480	2160.880	4000.0	18000.0	8007.8	Phee	4.088790	15.000000	NaN	NaN	56.532912	0.000000
11	Spectrogram 1	4	2185.832	2187.891	4000.0	18000.0	8203.1	Phee	4.179924	15.000000	NaN	NaN	95.735701	0.000000
12	Spectrogram 1	4	2807.112	2808.510	4000.0	18000.0	8105.5	Phee	4.989617	15.000000	NaN	NaN	64.532145	0.000000
13	Spectrogram 1	1	3704.458	3706.386	4000.0	18000.0	8886.7	Phee	4.876604	15.000000	NaN	NaN	125.756380	0.000000
14	Spectrogram 1	1	3775.974	3778.010	4000.0	18000.0	9082.0	Phee	4.244936	15.000000	NaN	NaN	135.831405	0.000000
15	Spectrogram 1	1	3810.760	3812.776	4000.0	18000.0	9179.7	Phee	5.793694	15.000000	NaN	NaN	165.080320	0.000000
16	Spectrogram 1	1	3813.570	3814.942	4000.0	18000.0	9082.0	Phee	6.852970	15.000000	NaN	NaN	198.087829	0.000000
17	Spectrogram 1	4	3854.652	3856.290	4000.0	18000.0	9375.0	Phee	5.925886	15.000000	NaN	NaN	140.743258	0.000000
18	Spectrogram 1	3	3925.073	3926.360	4000.0	18000.0	8886.7	Phee	3.966625	15.000000	NaN	NaN	103.900812	0.000000
19	Spectrogram 1	4	4230.890	4233.300	4000.0	18000.0	8007.8	Phee	5.608073	15.000000	NaN	NaN	105.690561	0.000000
20	Spectrogram 1	4	4233.380	4233.610	4000.0	18000.0	7910.2	Phee	5.307996	15.000000	NaN	NaN	79.089776	0.000000
21	Spectrogram 1	4	4283.914	4286.520	4000.0	18000.0	8007.8	Phee	5.241686	15.000000	NaN	NaN	124.868823	0.000000
22	Spectrogram 1	4	4294.368	4296.530	4000.0	18000.0	8105.5	Phee	4.923150	15.000000	NaN	NaN	81.307727	0.000000
23	Spectrogram 1	1	4375.401	4377.187	4000.0	18000.0	9082.0	Phee	5.188159	15.000000	NaN	NaN	106.143245	0.000000
24	Spectrogram 1	4	4381.156	4383.430	4000.0	18000.0	8300.8	Phee	4.271645	15.000000	NaN	NaN	94.470977	0.000000
25	Spectrogram 1	1	4414.280	4416.460	4000.0	18000.0	8886.7	Phee	4.602795	15.000000	NaN	NaN	111.273059	0.000000
26	Spectrogram 1	1	5063.270	5063.320	4000.0	18000.0	8398.4	P-peep	18.891892	22.188724	NaN	NaN	174.153406	0.000000
27	Spectrogram 1	2	2077.750	2078.530	4000.0	18000.0	9960.9	Phee	13.013957	27.710276	NaN	NaN	93.455408	0.000000
28	Spectrogram 1	2	2078.580	2078.650	4000.0	18000.0	8105.5	Phee	14.471214	25.001176	NaN	NaN	81.776026	0.000000
29	Spectrogram 1	2	2078.710	2078.800	4000.0	18000.0	8691.4	Phee	14.897506	23.694709	NaN	NaN	133.423403	0.000000
30	Spectrogram 1	1	4242.765	4244.450	4000.0	18000.0	8984.4	Phee	9.691411	26.394115	NaN	NaN	137.979491	0.000000
31	Spectrogram 1	1	4736.519	4736.575	7515.6	10185.7	8300.8	Phee						
32	Spectrogram 1	1	4736.650	4737.084	4000.0	18000.0	8691.4	Phee	10.771346	22.918909	NaN	NaN	77.509304	0.000000
33	Spectrogram 1	3	5472.670	5473.120	4000.0	18000.0	9375.0	Phee	15.079466	25.150573	NaN	NaN	186.597394	0.000000
34	Spectrogram 1	3	5604.990	5605.910	4000.0	18000.0	9179.7	Phee	15.603418	33.071381	NaN	NaN	53.825978	0.000000
35	Spectrogram 1	1	5728.580	5728.840	4000.0	18000.0	8398.4	Phee	15.681026	25.634469	NaN	NaN	169.542844	0.000000
36	Spectrogram 1	1	5729.420	5729.460	4000.0	18000.0	7910.2	Phee	15.817868	22.649268	NaN	NaN	177.247154	0.000000
37	Spectrogram 1	1	5729.520	5729.950	4000.0	18000.0	8398.4	Phee	18.367401	31.292086	NaN	NaN	209.963295	0.000000
38	Spectrogram 1	1	5730.259	5730.310	4000.0	18000.0	7910.2	Phee	15.352589	25.703271	NaN	NaN	212.316394	0.000000
39	Spectrogram 1	1	5730.470	5730.540	4000.0	18000.0	8105.5	Phee	14.058388	23.447831	NaN	NaN	144.237776	0.000000
40	Spectrogram 1	2	5996.200	5996.790	4000.0	18000.0	8886.7	Phee	12.270486	20.559335	NaN	NaN	110.527790	0.000000
41	Spectrogram 1	2	33.330	33.755	4000.0	18000.0	7617.2	Trill	16.166428	17.581420	NaN	NaN	108.559068	0.000000
42	Spectrogram 1	2	54.221	54.730	4000.0	18000.0	7617.2	Trill	12.255313	14.517701	NaN	NaN	97.086474	0.000000
43	Spectrogram 1	4	310.420	310.823	4000.0	18000.0	7714.8	Trill	7.359880	11.140738	NaN	NaN	68.808697	0.000000
44	Spectrogram 1	2	648.950	649.501	4000.0	18000.0	7617.2	Trill	11.316585	14.603688	NaN	NaN	84.473037	0.000000
45	Spectrogram 1	1	712.170	712.260	4000.0	18000.0	7324.2	Trill	12.307363	17.525069	NaN	NaN	99.800886	0.000000
46	Spectrogram 1	2	728.190	729.004	4000.0	18000.0	7519.5	Trill	11.779887	16.332002	NaN	NaN	103.723370	0.000000
47	Spectrogram 1	1	771.263	771.530	4000.0	18000.0	7421.9	Trill	14.137683	18.291585	NaN	NaN	113.553808	0.000000
48	Spectrogram 1	2	858.790	859.083	4000.0	18000.0	8007.8	Trill	14.208231	16.674095	NaN	NaN	106.564417	0.000000
49	Spectrogram 1	2	978.270	978.641	4000.0	18000.0	7519.5	Trill	9.760406	13.325582	NaN	NaN	86.785800	0.000000
50	Spectrogram 1	2	1003.520	1003.841	4000.0	18000.0	7910.2	Trill	11.875970	15.237848	NaN	NaN	108.631108	0.000000
51	Spectrogram 1	2	1093.909	1093.949	4000.0	18000.0	7128.9	Trill	10.778552	16.537789	NaN	NaN	105.110015	0.000000
52	Spectrogram 1	2	1098.600	1098.943	4000.0	18000.0	8203.1	Trill	11.441526	14.107754	NaN	NaN	84.404300	0.000000
53	Spectrogram 1	1	1159.560	1159.840	4000.0	18000.0	7519.5	Trill	13.945896	17.719148	NaN	NaN	100.251350	0.000000
54	Spectrogram 1	1	1159.920	1159.980	4000.0	18000.0	7910.2	Trill	13.260113	14.816228	NaN	NaN	94.382712	0.000000
55	Spectrogram 1	2	1214.730	1214.840	4000.0	18000.0	8398.4	Trill	7.180475	10.368171	NaN	NaN	47.555883	0.000000
56	Spectrogram 1	2	1385.680	1385.740	4000.0	18000.0	7128.9	Trill	10.416175	15.557837	NaN	NaN	103.852635	0.000000
57	Spectrogram 1	4	1544.890	1545.400	4000.0	18000.0	7519.5	Trill	7.284067	12.148061	NaN	NaN	59.967654	0.000000
58	Spectrogram 1	4	1670.900	1671.380	4000.0	18000.0	8105.5	Trill	9.321678	18.137389	NaN	NaN	73.381427	0.000000
59	Spectrogram 1	1	1757.666	1758.104	4000.0	18000.0	8496.1	Trill	11.177170	15.832247	NaN	NaN	91.166970	0.000000
60	Spectrogram 1	1	1758.226	1758.268	8436.4	8712.6	8593.7	Trill						
61	Spectrogram 1	4	1784.590	1784.808	4000.0	18000.0	7226.6	Trill	6.973390	11.662942	NaN	NaN	58.647104	0.000000
62	Spectrogram 1	2	1825.050	1825.090	4000.0	18000.0	7226.6	Trill	11.086210	18.283932	NaN	NaN	127.505165	0.000000
63	Spectrogram 1	4	1979.550	1979.660	4000.0	18000.0	8398.4	Trill	10.049366	21.357429	NaN	NaN	94.305913	0.000000
64	Spectrogram 1	1	3318.730	3318.820	4000.0	18000.0	9472.7	Trill	21.597704	24.681169	NaN	NaN	184.805722	0.000000
65	Spectrogram 1	2	3372.170	3372.400	4000.0	18000.0	7031.2	Trill	10.072890	13.642711	NaN	NaN	74.878729	0.000000
66	Spectrogram 1	2	4027.970	4028.468	4000.0	18000.0	8007.8	Trill	12.932392	18.009132	NaN	NaN	89.233143	0.000000
67	Spectrogram 1	2	4028.560	4028.650	4000.0	18000.0	8593.7	Trill	12.811377	15.478856	NaN	NaN	96.489473	0.000000
68	Spectrogram 1	3	4701.720	4702.230	4000.0	18000.0	8886.7	Trill	10.317281	16.501420	NaN	NaN	68.251073	0.000000
69	Spectrogram 1	1	4736.019	4736.191	8528.4	12855.8	9277.3	Trill						
70	Spectrogram 1	1	4970.410	4970.820	4000.0	18000.0	8398.4	Trill	9.226488	13.855080	NaN	NaN	50.807882	0.000000
71	Spectrogram 1	2	5189.800	5190.275	4000.0	18000.0	7812.5	Trill	15.288358	18.618333	NaN	NaN	93.819114	0.000000
72	Spectrogram 1	4	5394.940	5395.530	4000.0	18000.0	8203.1	Trill	8.049528	14.225434	NaN	NaN	71.716671	0.000000
73	Spectrogram 1	4	5411.448	5411.862	4000.0	18000.0	8398.4	Trill	8.333189	11.658117	NaN	NaN	73.510387	0.000000
74	Spectrogram 1	2	5537.760	5538.004	4000.0	18000.0	6933.6	Trill	11.735411	15.192093	NaN	NaN	87.829940	0.000000
75	Spectrogram 1	2	5565.520	5565.985	4000.0	18000.0	6835.9	Trill	14.527275	18.359265	NaN	NaN	110.794870	0.000000
76	Spectrogram 1	2	5726.420	5727.061	4000.0	18000.0	7031.2	Trill	16.405535	20.607932	NaN	NaN	128.176307	0.000000
77	Spectrogram 1	1	5727.920	5728.433	4000.0	18000.0	7812.5	Trill	16.405321	21.678085	NaN	NaN	139.917823	0.000000
78	Spectrogram 1	1	5728.912	5729.143	7423.6	9172.9	9082.0	Trill						
79	Spectrogram 1	4	5738.520	5739.090	4000.0	18000.0	7812.5	Trill	8.288486	13.453947	NaN	NaN	72.335840	0.000000
80	Spectrogram 1	4	5746.440	5747.124	4000.0	18000.0	7910.2	Trill	9.964857	15.477670	NaN	NaN	64.019437	0.000000
81	Spectrogram 1	4	5759.160	5759.533	4000.0	18000.0	8203.1	Trill	9.555572	14.079400	NaN	NaN	76.969431	0.000000
82	Spectrogram 1	1	5760.090	5760.295	4000.0	18000.0	6543.0	Trill	14.941248	18.590410	NaN	NaN	109.288532	0.000000
83	Spectrogram 1	2	5810.880	5811.536	4000.0	18000.0	7617.2	Trill	15.104453	19.770903	NaN	NaN	106.542748	0.000000
84	Spectrogram 1	2	5979.310	5979.470	4000.0	18000.0	7421.9	Trill	11.951236	17.692819	NaN	NaN	97.106894	0.000000
85	Spectrogram 1	2	6017.870	6017.980	4000.0	18000.0	7324.2	Trill	12.496306	13.871251	NaN	NaN	77.425794	0.000000
86	Spectrogram 1	2	6018.060	6018.170	4000.0	18000.0	7324.2	Trill	10.535100	11.680643	NaN	NaN	73.489021	0.000000
87	Spectrogram 1	2	837.540	837.659	4000.0	18000.0	8007.8	Trill	13.544401	16.699642	NaN	NaN	109.967077	0.000000
88	Spectrogram 1	1	1083.360	1083.525	4000.0	18000.0	8984.4	Trill	8.259345	9.700887	NaN	NaN	56.611365	0.000000
89	Spectrogram 1	1	1100.200	1100.329	4000.0	18000.0	8886.7	Trill	11.619143	13.692977	NaN	NaN	82.106062	0.000000
90	Spectrogram 1	1	89.290	90.420	4000.0	18000.0	9277.3	Trillphee	11.864860	20.658009	NaN	NaN	125.415952	0.000000
91	Spectrogram 1	4	3174.134	3176.520	4000.0	18000.0	8007.8	Phee	12.351961	29.453857	NaN	NaN	165.039211	0.000000
92	Spectrogram 1	1	3266.240	3266.380	4000.0	18000.0	8886.7	Trill	12.750083	15.951741	NaN	NaN	115.072758	0.000000
93	Spectrogram 1	1	4735.540	4735.974	4000.0	18000.0	8691.4	Trill	11.454866	20.273415	NaN	NaN	76.826337	0.000000
94	Spectrogram 1	3	5471.785	5472.490	4000.0	18000.0	9472.7	Trillphee	13.836772	25.745279	NaN	NaN	171.365722	0.000000
95	Spectrogram 1	4	384.880	384.920	4000.0	18000.0	11035.2	Tse	7.112676	22.960005	NaN	NaN	74.668102	0.000000
96	Spectrogram 1	3	1868.270	1868.829	4000.0	18000.0	10449.2	Tse	11.424507	17.956508	NaN	NaN	79.491818	0.000000
97	Spectrogram 1	2	1981.080	1981.140	4000.0	18000.0	7128.9	Tse	9.600523	18.039313	NaN	NaN	80.893135	0.000000
98	Spectrogram 1	2	1981.240	1981.270	4000.0	18000.0	6933.6	Tse	8.485319	11.310326	NaN	NaN	64.384013	0.000000
99	Spectrogram 1	2	2402.600	2402.670	4000.0	18000.0	9863.3	Tse	10.718218	22.463735	NaN	NaN	103.941883	0.000000
100	Spectrogram 1	1	3262.850	3263.002	4000.0	18000.0	9277.3	Tse	16.631525	21.320932	NaN	NaN	167.869461	0.000000
101	Spectrogram 1	3	5722.850	5723.420	4000.0	18000.0	10644.5	Tse	7.375001	19.386375	NaN	NaN	100.896612	0.000000
102	Spectrogram 1	3	5723.920	5723.970	4000.0	18000.0	10839.8	Tse	8.512932	21.009992	NaN	NaN	130.265763	0.000000
103	Spectrogram 1	2	402.737	402.775	9895.7	13671.8	10449.2	Twitter						
104	Spectrogram 1	2	402.890	402.950	4000.0	18000.0	9179.7	Twitter	8.846724	22.710993	NaN	NaN	59.963112	0.000000
105	Spectrogram 1	2	403.040	403.100	4000.0	18000.0	9082.0	Twitter	10.148573	24.352409	NaN	NaN	72.187479	0.000000
106	Spectrogram 1	2	403.180	403.240	4000.0	18000.0	8984.4	Twitter	10.023719	24.030691	NaN	NaN	66.063206	0.000000
107	Spectrogram 1	2	403.320	403.380	4000.0	18000.0	8984.4	Twitter	10.228742	24.329860	NaN	NaN	68.343952	0.000000
108	Spectrogram 1	2	403.470	403.530	4000.0	18000.0	8203.1	Twitter	7.527564	21.825509	NaN	NaN	52.146812	0.000000
109	Spectrogram 1	2	403.600	403.670	4000.0	18000.0	8203.1	Twitter	10.899647	23.853068	NaN	NaN	75.324291	0.000000
110	Spectrogram 1	2	403.740	403.820	4000.0	18000.0	8203.1	Twitter	11.764487	23.696450	NaN	NaN	95.161952	0.000000
111	Spectrogram 1	2	403.890	403.960	4000.0	18000.0	7714.8	Twitter	12.104374	22.635494	NaN	NaN	124.380305	0.000000
112	Spectrogram 1	2	404.075	404.101	6770.7	8137.9	7617.2	Twitter						
113	Spectrogram 1	2	433.488	433.538	9960.8	14127.5	11230.5	Twitter						
114	Spectrogram 1	2	433.639	433.698	6445.2	13281.2	6933.6	Twitter						
115	Spectrogram 1	2	433.787	433.854	5989.5	13867.1	9082.0	Twitter						
116	Spectrogram 1	2	433.930	433.989	5859.3	12955.6	8789.1	Twitter						
117	Spectrogram 1	2	434.069	434.145	5598.9	12955.6	8886.7	Twitter						
118	Spectrogram 1	2	434.200	434.275	4000.0	18000.0	8691.4	Twitter	14.876972	28.014640	NaN	NaN	92.285860	0.000000
119	Spectrogram 1	2	434.340	434.420	4000.0	18000.0	8691.4	Twitter	13.443659	26.138914	NaN	NaN	91.111485	0.000000
120	Spectrogram 1	2	434.494	434.561	4000.0	18000.0	8593.7	Twitter	8.890905	19.537917	NaN	NaN	88.388519	0.000000
121	Spectrogram 1	2	434.629	434.696	5273.3	12174.4	6543.0	Twitter						
122	Spectrogram 1	2	434.772	434.831	5859.3	9830.6	7128.9	Twitter						
123	Spectrogram 1	2	477.430	477.600	4000.0	18000.0	10546.9	Twitter	14.683892	21.477515	NaN	NaN	121.292664	0.000000
124	Spectrogram 1	2	477.710	477.765	4000.0	18000.0	10156.2	Twitter	9.285138	19.894112	NaN	NaN	82.739797	0.000000
125	Spectrogram 1	2	477.850	477.909	4000.0	18000.0	8203.1	Twitter	11.179645	19.615715	NaN	NaN	76.818876	0.000000
126	Spectrogram 1	2	478.000	478.060	4000.0	18000.0	8300.8	Twitter	8.402766	16.012799	NaN	NaN	71.919752	0.000000
127	Spectrogram 1	2	478.136	478.195	5924.4	13932.2	8105.5	Twitter						
128	Spectrogram 1	2	478.260	478.320	4000.0	18000.0	8300.8	Twitter	12.903488	20.968031	NaN	NaN	91.802973	0.000000
129	Spectrogram 1	2	478.390	478.440	4000.0	18000.0	7519.5	Twitter	12.721189	18.555259	NaN	NaN	112.522681	0.000000
130	Spectrogram 1	1	487.814	487.835	8203.0	11718.7	9082.0	Twitter						
131	Spectrogram 1	1	487.930	487.966	4000.0	18000.0	7714.8	Twitter	9.468377	15.457078	NaN	NaN	69.361255	0.000000
132	Spectrogram 1	1	488.067	488.100	6575.4	11588.4	7421.9	Twitter						
133	Spectrogram 1	1	488.185	488.227	6640.5	12890.5	7421.9	Twitter						
134	Spectrogram 1	1	488.311	488.349	6119.7	12174.4	7421.9	Twitter						
135	Spectrogram 1	1	488.432	488.467	5989.5	12565.0	7421.9	Twitter						
136	Spectrogram 1	1	488.554	488.589	6249.9	12695.2	7421.9	Twitter						
137	Spectrogram 1	1	488.667	488.703	6315.0	11197.8	7324.2	Twitter						
138	Spectrogram 1	1	488.783	488.825	6054.6	10221.3	7324.2	Twitter						
139	Spectrogram 1	1	488.908	488.941	7226.5	9700.4	8105.5	Twitter						
140	Spectrogram 1	2	752.941	752.988	10742.1	14973.9	11132.8	Twitter						
141	Spectrogram 1	2	753.085	753.136	7291.6	13411.4	11132.8	Twitter						
142	Spectrogram 1	2	753.230	753.288	4000.0	18000.0	9179.7	Twitter	13.301873	25.210288	NaN	NaN	74.106424	0.000000
143	Spectrogram 1	2	753.379	753.430	6119.7	13606.7	6738.3	Twitter						
144	Spectrogram 1	2	753.510	753.564	6054.6	11783.8	6640.6	Twitter						
145	Spectrogram 1	2	753.630	753.695	4000.0	18000.0	7226.6	Twitter	12.282342	23.062750	NaN	NaN	58.219156	0.000000
146	Spectrogram 1	2	753.760	753.811	4000.0	18000.0	7031.2	Twitter	7.461272	16.811346	NaN	NaN	44.628555	0.000000
147	Spectrogram 1	2	1092.750	1092.810	4000.0	18000.0	13574.2	Twitter	10.044134	25.761414	NaN	NaN	79.841034	0.000000
148	Spectrogram 1	2	1092.900	1092.970	4000.0	18000.0	9960.9	Twitter	9.958472	21.717300	NaN	NaN	73.720794	0.000000
149	Spectrogram 1	2	1093.057	1093.122	4000.0	18000.0	7226.6	Twitter	11.254617	22.902487	NaN	NaN	82.204113	0.000000
150	Spectrogram 1	2	1093.200	1093.260	4000.0	18000.0	7031.2	Twitter	12.310494	24.126470	NaN	NaN	72.714693	0.000000
151	Spectrogram 1	2	1093.340	1093.400	4000.0	18000.0	6835.9	Twitter	12.814110	25.014077	NaN	NaN	75.508247	0.000000
152	Spectrogram 1	2	1093.480	1093.540	4000.0	18000.0	6835.9	Twitter	13.813095	25.680923	NaN	NaN	86.069882	0.000000
153	Spectrogram 1	2	1093.620	1093.680	4000.0	18000.0	6738.3	Twitter	14.056013	25.759627	NaN	NaN	91.697210	0.000000
154	Spectrogram 1	2	1093.750	1093.820	4000.0	18000.0	6640.6	Twitter	11.087351	21.998848	NaN	NaN	97.078610	0.000000
155	Spectrogram 1	2	1384.410	1384.483	4000.0	18000.0	11132.8	Twitter	8.393892	18.804230	NaN	NaN	89.525185	0.000000
156	Spectrogram 1	2	1384.560	1384.626	4000.0	18000.0	9472.7	Twitter	13.063378	23.197337	NaN	NaN	102.204939	0.000000
157	Spectrogram 1	2	1384.700	1384.765	4000.0	18000.0	6933.6	Twitter	12.355972	22.704611	NaN	NaN	99.878962	0.000000
158	Spectrogram 1	2	1384.840	1384.908	4000.0	18000.0	6933.6	Twitter	10.740319	21.168270	NaN	NaN	81.417954	0.000000
159	Spectrogram 1	2	1384.980	1385.051	4000.0	18000.0	6933.6	Twitter	11.430577	22.215949	NaN	NaN	83.278685	0.000000
160	Spectrogram 1	2	1385.120	1385.190	4000.0	18000.0	6835.9	Twitter	11.976177	22.778158	NaN	NaN	82.740333	0.000000
161	Spectrogram 1	2	1385.270	1385.333	4000.0	18000.0	6835.9	Twitter	13.921345	25.619120	NaN	NaN	93.310781	0.000000
162	Spectrogram 1	2	1385.400	1385.480	4000.0	18000.0	6738.3	Twitter	12.849116	23.853319	NaN	NaN	103.717059	0.000000
163	Spectrogram 1	2	1385.530	1385.615	4000.0	18000.0	6347.7	Twitter	10.251636	20.876334	NaN	NaN	97.516157	0.000000
164	Spectrogram 1	2	1385.842	1385.872	5305.9	6502.9	6347.7	Twitter						
165	Spectrogram 1	2	1823.749	1823.799	10001.6	14881.3	10253.9	Twitter						
166	Spectrogram 1	2	1823.880	1823.950	4000.0	18000.0	9375.0	Twitter	10.192268	22.414990	NaN	NaN	80.077995	0.000000
167	Spectrogram 1	2	1824.030	1824.100	4000.0	18000.0	9179.7	Twitter	10.631010	24.011313	NaN	NaN	81.376356	0.000000
168	Spectrogram 1	2	1824.182	1824.240	4000.0	18000.0	9179.7	Twitter	10.286745	23.374719	NaN	NaN	79.858908	0.000000
169	Spectrogram 1	2	1824.320	1824.380	4000.0	18000.0	9082.0	Twitter	12.576852	26.107297	NaN	NaN	82.857501	0.000000
170	Spectrogram 1	2	1824.460	1824.530	4000.0	18000.0	9082.0	Twitter	10.341500	23.389861	NaN	NaN	77.871375	0.000000
171	Spectrogram 1	2	1824.600	1824.670	4000.0	18000.0	9179.7	Twitter	10.941200	23.762131	NaN	NaN	75.484051	0.000000
172	Spectrogram 1	2	1824.750	1824.820	4000.0	18000.0	6738.3	Twitter	10.383621	23.793757	NaN	NaN	87.338306	0.000000
173	Spectrogram 1	2	1824.890	1824.970	4000.0	18000.0	7421.9	Twitter	9.764774	22.152748	NaN	NaN	100.310250	0.000000
174	Spectrogram 1	2	1863.314	1863.377	10369.8	14236.8	10839.8	Twitter						
175	Spectrogram 1	2	1863.470	1863.524	7331.5	14697.2	9277.3	Twitter						
176	Spectrogram 1	2	1863.610	1863.670	4000.0	18000.0	8398.4	Twitter	9.627940	22.800375	NaN	NaN	67.181501	0.000000
177	Spectrogram 1	2	1863.750	1863.820	4000.0	18000.0	6933.6	Twitter	11.005580	24.395651	NaN	NaN	102.084681	0.000000
178	Spectrogram 1	2	1863.890	1863.960	4000.0	18000.0	6835.9	Twitter	11.792382	24.906736	NaN	NaN	90.192566	0.000000
179	Spectrogram 1	2	1864.030	1864.100	4000.0	18000.0	6835.9	Twitter	11.335431	23.685398	NaN	NaN	90.541130	0.000000
180	Spectrogram 1	2	1864.170	1864.250	4000.0	18000.0	6835.9	Twitter	11.736172	23.229204	NaN	NaN	91.031033	0.000000
181	Spectrogram 1	2	1864.310	1864.390	4000.0	18000.0	6738.3	Twitter	11.510460	22.770705	NaN	NaN	93.779798	0.000000
182	Spectrogram 1	2	1864.460	1864.540	4000.0	18000.0	8300.8	Twitter	12.233136	24.151592	NaN	NaN	105.960524	0.000000
183	Spectrogram 1	2	1864.600	1864.660	4000.0	18000.0	7519.5	Twitter	12.664882	24.563517	NaN	NaN	145.354821	0.000000
184	Spectrogram 1	2	1864.774	1864.804	6594.9	9265.0	7421.9	Twitter						
185	Spectrogram 1	2	1875.860	1875.907	4000.0	18000.0	10839.8	Twitter	16.409457	25.655280	NaN	NaN	170.511060	0.000000
186	Spectrogram 1	2	1876.010	1876.070	4000.0	18000.0	9375.0	Twitter	11.344278	23.255543	NaN	NaN	93.176784	0.000000
187	Spectrogram 1	2	1876.164	1876.220	4000.0	18000.0	6835.9	Twitter	11.825364	23.053181	NaN	NaN	94.095386	0.000000
188	Spectrogram 1	2	1876.300	1876.370	4000.0	18000.0	6835.9	Twitter	11.442926	23.592606	NaN	NaN	94.562528	0.000000
189	Spectrogram 1	2	1876.440	1876.510	4000.0	18000.0	6835.9	Twitter	10.916880	22.569014	NaN	NaN	90.899619	0.000000
190	Spectrogram 1	2	1876.580	1876.650	4000.0	18000.0	6835.9	Twitter	12.216727	23.604758	NaN	NaN	96.702090	0.000000
191	Spectrogram 1	2	1876.730	1876.800	4000.0	18000.0	6738.3	Twitter	12.921139	25.002282	NaN	NaN	106.632113	0.000000
192	Spectrogram 1	2	1876.870	1876.950	4000.0	18000.0	7910.2	Twitter	10.970892	23.610069	NaN	NaN	93.269611	0.000000
193	Spectrogram 1	2	1877.000	1877.080	4000.0	18000.0	6347.7	Twitter	8.123286	20.359262	NaN	NaN	85.757223	0.000000
194	Spectrogram 1	2	1895.500	1895.567	4000.0	18000.0	12597.7	Twitter	12.840246	25.483849	NaN	NaN	135.574783	0.000000
195	Spectrogram 1	2	1895.650	1895.710	4000.0	18000.0	9179.7	Twitter	13.058922	23.297100	NaN	NaN	99.688434	0.000000
196	Spectrogram 1	2	1895.790	1895.860	4000.0	18000.0	6933.6	Twitter	11.358212	23.089891	NaN	NaN	98.630550	0.000000
197	Spectrogram 1	2	1895.930	1896.000	4000.0	18000.0	6835.9	Twitter	11.728858	23.663079	NaN	NaN	98.967873	0.000000
198	Spectrogram 1	2	1896.070	1896.140	4000.0	18000.0	6933.6	Twitter	12.268162	24.182390	NaN	NaN	111.503935	0.000000
199	Spectrogram 1	2	1896.210	1896.280	4000.0	18000.0	6835.9	Twitter	12.989527	24.966635	NaN	NaN	101.010763	0.000000
200	Spectrogram 1	2	1896.350	1896.420	4000.0	18000.0	6835.9	Twitter	13.932063	25.089715	NaN	NaN	111.049019	0.000000
201	Spectrogram 1	2	1896.490	1896.560	4000.0	18000.0	6738.3	Twitter	14.019497	24.487308	NaN	NaN	133.900192	0.000000
202	Spectrogram 1	2	1896.661	1896.695	6502.9	10738.1	7324.2	Twitter						
203	Spectrogram 1	2	1980.640	1980.710	4000.0	18000.0	6738.3	Twitter	11.279476	22.449006	NaN	NaN	74.668591	0.000000
204	Spectrogram 1	2	1980.790	1980.850	4000.0	18000.0	6640.6	Twitter	12.681153	24.198198	NaN	NaN	88.131605	0.000000
205	Spectrogram 1	2	1980.930	1981.010	4000.0	18000.0	6543.0	Twitter	10.326803	21.634368	NaN	NaN	78.758453	0.000000
206	Spectrogram 1	2	2402.760	2402.810	4000.0	18000.0	9472.7	Twitter	13.113808	28.709254	NaN	NaN	85.112287	0.000000
207	Spectrogram 1	2	2402.900	2402.965	4000.0	18000.0	9277.3	Twitter	13.479748	26.682050	NaN	NaN	80.303445	0.000000
208	Spectrogram 1	2	2403.050	2403.117	4000.0	18000.0	9277.3	Twitter	14.145059	27.869988	NaN	NaN	80.758883	0.000000
209	Spectrogram 1	2	2403.190	2403.264	4000.0	18000.0	9179.7	Twitter	13.314641	28.082222	NaN	NaN	75.698604	0.000000
210	Spectrogram 1	2	2403.330	2403.407	4000.0	18000.0	6835.9	Twitter	13.619371	28.486343	NaN	NaN	83.785498	0.000000
211	Spectrogram 1	2	2403.479	2403.550	4000.0	18000.0	6835.9	Twitter	7.474791	21.475960	NaN	NaN	53.355071	0.000000
212	Spectrogram 1	2	2403.622	2403.689	5398.0	14236.8	6640.6	Twitter						
213	Spectrogram 1	2	2403.761	2403.837	4937.6	13132.0	6543.0	Twitter						
214	Spectrogram 1	2	2403.896	2403.967	5674.2	11658.8	7324.2	Twitter						
215	Spectrogram 1	2	2404.050	2404.090	4000.0	18000.0	7031.2	Twitter	14.985049	21.336669	NaN	NaN	108.999476	0.000000
216	Spectrogram 1	2	2404.180	2404.210	4000.0	18000.0	6152.3	Twitter	14.024842	16.942128	NaN	NaN	125.191017	0.000000
217	Spectrogram 1	2	2431.846	2431.888	10554.0	16814.8	11425.8	Twitter						
218	Spectrogram 1	2	2432.000	2432.070	4000.0	18000.0	9668.0	Twitter	10.612979	22.292583	NaN	NaN	82.668156	0.000000
219	Spectrogram 1	2	2432.145	2432.210	4000.0	18000.0	6933.6	Twitter	12.058672	23.256775	NaN	NaN	84.635790	0.000000
220	Spectrogram 1	2	2432.288	2432.350	4000.0	18000.0	6933.6	Twitter	12.026815	22.750232	NaN	NaN	90.674883	0.000000
221	Spectrogram 1	2	2432.435	2432.490	4000.0	18000.0	6738.3	Twitter	12.804408	24.264460	NaN	NaN	86.246780	0.000000
222	Spectrogram 1	2	2432.560	2432.630	4000.0	18000.0	6738.3	Twitter	13.142950	24.723786	NaN	NaN	79.488199	0.000000
223	Spectrogram 1	2	2432.708	2432.770	4000.0	18000.0	6738.3	Twitter	14.556878	25.776361	NaN	NaN	90.921223	0.000000
224	Spectrogram 1	2	2432.851	2432.910	4000.0	18000.0	6640.6	Twitter	14.320124	25.746833	NaN	NaN	101.492715	0.000000
225	Spectrogram 1	2	2432.985	2433.050	4000.0	18000.0	6543.0	Twitter	12.488261	23.073223	NaN	NaN	109.421021	0.000000
226	Spectrogram 1	2	2433.120	2433.171	4000.0	18000.0	6933.6	Twitter	14.495172	22.363340	NaN	NaN	153.847524	0.000000
227	Spectrogram 1	2	2433.250	2433.300	4000.0	18000.0	6835.9	Twitter	9.676387	14.957730	NaN	NaN	95.018407	0.000000
228	Spectrogram 1	2	3070.390	3070.426	10646.1	16538.6	10937.5	Twitter						
229	Spectrogram 1	2	3070.549	3070.593	7791.9	13776.5	9375.0	Twitter						
230	Spectrogram 1	2	3070.700	3070.740	4000.0	18000.0	9082.0	Twitter	12.435461	23.019128	NaN	NaN	93.162530	0.000000
231	Spectrogram 1	2	3070.830	3070.890	4000.0	18000.0	9082.0	Twitter	13.184983	25.547565	NaN	NaN	79.067099	0.000000
232	Spectrogram 1	2	3070.960	3071.020	4000.0	18000.0	8789.1	Twitter	14.046231	24.163966	NaN	NaN	84.887282	0.000000
233	Spectrogram 1	2	3071.090	3071.160	4000.0	18000.0	8691.4	Twitter	13.252093	23.083641	NaN	NaN	81.010414	0.000000
234	Spectrogram 1	2	3071.220	3071.300	4000.0	18000.0	8691.4	Twitter	12.362183	22.327882	NaN	NaN	82.593512	0.000000
235	Spectrogram 1	2	3071.360	3071.420	4000.0	18000.0	8691.4	Twitter	13.733706	24.264172	NaN	NaN	83.531881	0.000000
236	Spectrogram 1	2	3071.500	3071.560	4000.0	18000.0	8691.4	Twitter	15.424971	26.172962	NaN	NaN	87.956422	0.000000
237	Spectrogram 1	2	3071.630	3071.700	4000.0	18000.0	8300.8	Twitter	13.674081	23.908929	NaN	NaN	92.194948	0.000000
238	Spectrogram 1	2	3071.770	3071.830	4000.0	18000.0	7910.2	Twitter	12.931407	23.075207	NaN	NaN	128.350216	0.000000
239	Spectrogram 1	2	3071.926	3071.960	6226.6	8988.8	8105.5	Twitter						
240	Spectrogram 1	4	4227.130	4227.320	4000.0	18000.0	8300.8	Twitter	8.265164	18.990603	NaN	NaN	59.995673	0.000000
241	Spectrogram 1	4	4227.380	4227.446	4000.0	18000.0	7128.9	Twitter	7.164551	18.404840	NaN	NaN	39.964090	0.000000
242	Spectrogram 1	4	4227.534	4227.597	4845.6	12487.5	7128.9	Twitter						
243	Spectrogram 1	4	4227.677	4227.736	4753.5	13592.3	7128.9	Twitter						
244	Spectrogram 1	4	4227.812	4227.875	4385.2	13868.6	8105.5	Twitter						
245	Spectrogram 1	4	4227.930	4228.010	4000.0	18000.0	6738.3	Twitter	10.171453	19.450079	NaN	NaN	70.657061	0.000000
246	Spectrogram 1	4	4228.090	4228.130	4000.0	18000.0	6250.0	Twitter	8.321404	14.793852	NaN	NaN	83.480461	0.000000
247	Spectrogram 1	4	4643.180	4643.280	4000.0	18000.0	8203.1	Twitter	10.740657	19.015371	NaN	NaN	53.364379	0.000000
248	Spectrogram 1	4	4643.358	4643.409	5398.0	13224.1	7128.9	Twitter						
249	Spectrogram 1	4	4643.501	4643.560	5029.7	12947.8	7128.9	Twitter						
250	Spectrogram 1	4	4643.630	4643.699	4000.0	18000.0	6835.9	Twitter	12.925805	22.989014	NaN	NaN	36.079825	0.000000
251	Spectrogram 1	4	4643.770	4643.850	4000.0	18000.0	6738.3	Twitter	11.031546	20.707444	NaN	NaN	45.385361	0.000000
252	Spectrogram 1	4	4643.900	4643.990	4000.0	18000.0	6738.3	Twitter	9.334565	17.969246	NaN	NaN	56.054625	0.000000
