Selection	View	Channel	Begin Time (s)	End Time (s)	Low Freq (Hz)	High Freq (Hz)	Max Freq (Hz)	Call Type	Energy Diff	Energy Par	Energy Diff (wl)	Energy Par (wl)	AHR	Exception
493	Spectrogram 1	2	23.260	23.720	4000.0	18000.0	7421.9	Trill	12.522290	21.272522	NaN	NaN	91.528598	0.000000
494	Spectrogram 1	2	24.730	24.990	4000.0	18000.0	8496.1	Trill	12.825627	16.119758	NaN	NaN	80.481627	0.000000
495	Spectrogram 1	2	27.700	27.949	4000.0	18000.0	7128.9	Trill	10.126000	15.081074	NaN	NaN	61.722299	0.000000
496	Spectrogram 1	2	53.898	54.125	4000.0	18000.0	8007.8	Trill	14.056253	18.302421	NaN	NaN	113.136228	0.000000
497	Spectrogram 1	2	66.422	66.516	4000.0	18000.0	6835.9	Trill	12.123448	15.238160	NaN	NaN	90.409429	0.000000
498	Spectrogram 1	2	106.540	106.840	4000.0	18000.0	7324.2	Trill	12.952461	16.210063	NaN	NaN	104.428214	0.000000
499	Spectrogram 1	2	127.060	127.490	4000.0	18000.0	6835.9	Trill	12.729969	18.472606	NaN	NaN	113.779793	0.000000
826	Spectrogram 1	3	134.060	134.657	4000.0	18000.0	8398.4	Trill	7.393132	12.875426	NaN	NaN	67.598014	0.000000
500	Spectrogram 1	2	134.860	135.220	4000.0	18000.0	8007.8	Trill	15.220438	20.514875	NaN	NaN	112.147648	0.000000
1	Spectrogram 1	1	136.840	137.514	4000.0	18000.0	7226.6	Trill	20.595058	26.196341	NaN	NaN	199.426136	0.000000
2	Spectrogram 1	1	137.690	138.140	4000.0	18000.0	9277.3	Phee	21.099849	31.259197	NaN	NaN	236.302747	0.000000
827	Spectrogram 1	3	138.980	139.620	4000.0	18000.0	8203.1	Trill	13.854776	18.631280	NaN	NaN	129.984609	0.000000
828	Spectrogram 1	3	150.240	150.995	4000.0	18000.0	8984.4	Trill	7.677573	13.323758	NaN	NaN	82.058951	0.000000
501	Spectrogram 1	2	152.150	152.410	4000.0	18000.0	7226.6	Trill	10.829456	16.506678	NaN	NaN	92.266347	0.000000
502	Spectrogram 1	2	167.870	167.960	4000.0	18000.0	7910.2	Trill	9.800521	14.069538	NaN	NaN	91.486715	0.000000
5	Spectrogram 1	1	182.980	183.340	4000.0	18000.0	7226.6	Trill	11.732502	13.932670	NaN	NaN	70.183645	0.000000
6	Spectrogram 1	1	190.160	190.312	4000.0	18000.0	7421.9	Trill	16.920139	19.128210	NaN	NaN	100.369404	0.000000
1164	Spectrogram 1	1	190.352	190.420	5606.2	10556.0	7910.2	Trill						
7	Spectrogram 1	1	190.480	190.530	4000.0	18000.0	7910.2	Trill	13.283323	14.127569	NaN	NaN	83.502181	0.000000
8	Spectrogram 1	1	193.650	193.860	4000.0	18000.0	7226.6	Trill	12.893202	15.002714	NaN	NaN	77.587475	0.000000
504	Spectrogram 1	2	196.510	196.700	4000.0	18000.0	6933.6	Trill	8.348440	11.913260	NaN	NaN	55.330917	0.000000
505	Spectrogram 1	2	226.480	226.776	4000.0	18000.0	7519.5	Trill	8.549044	13.639585	NaN	NaN	80.603499	0.000000
506	Spectrogram 1	2	240.820	240.900	4000.0	18000.0	7128.9	Trill	11.247677	14.138137	NaN	NaN	74.715699	0.000000
509	Spectrogram 1	2	269.500	269.620	4000.0	18000.0	7812.5	Trill	7.808606	13.770420	NaN	NaN	61.635892	0.000000
510	Spectrogram 1	2	311.330	311.430	4000.0	18000.0	7910.2	Trill	13.127923	17.069771	NaN	NaN	123.963300	0.000000
511	Spectrogram 1	2	313.080	313.300	4000.0	18000.0	7421.9	Trill	15.233282	18.291163	NaN	NaN	135.197950	0.000000
512	Spectrogram 1	2	319.260	319.490	4000.0	18000.0	7617.2	Trill	10.751692	13.268651	NaN	NaN	76.938343	0.000000
513	Spectrogram 1	2	327.917	328.226	4000.0	18000.0	7714.8	Trill	11.853668	18.921509	NaN	NaN	105.310134	0.000000
12	Spectrogram 1	1	370.370	370.830	4000.0	18000.0	7324.2	Trill	10.938729	14.206853	NaN	NaN	79.117050	0.000000
515	Spectrogram 1	2	371.550	371.874	4000.0	18000.0	7714.8	Trill	15.670730	19.701071	NaN	NaN	140.837543	0.000000
13	Spectrogram 1	1	376.860	377.050	4000.0	18000.0	7519.5	Trill	13.892739	14.433378	NaN	NaN	66.589553	0.000000
517	Spectrogram 1	2	391.092	391.353	4000.0	18000.0	7812.5	Trill	11.250406	16.539053	NaN	NaN	115.738815	0.000000
16	Spectrogram 1	1	393.488	393.751	4000.0	18000.0	8300.8	Trill	11.113008	17.472153	NaN	NaN	104.341533	0.000000
518	Spectrogram 1	2	399.529	399.620	4000.0	18000.0	7812.5	Trill	10.453448	13.384918	NaN	NaN	69.420229	0.000000
519	Spectrogram 1	2	410.300	410.370	4000.0	18000.0	8496.1	Trill	9.114018	15.791485	NaN	NaN	107.830908	0.000000
520	Spectrogram 1	2	410.464	410.507	4000.0	18000.0	8300.8	Trill	7.064430	10.637111	NaN	NaN	74.544289	0.000000
521	Spectrogram 1	2	429.669	429.930	4000.0	18000.0	7714.8	Trill	10.664626	15.927759	NaN	NaN	100.066299	0.000000
838	Spectrogram 1	3	462.862	463.250	4000.0	18000.0	9375.0	Trill	10.142481	17.067743	NaN	NaN	104.696165	0.000000
839	Spectrogram 1	3	475.090	475.626	4000.0	18000.0	9179.7	Trill	11.356001	17.879497	NaN	NaN	141.488983	0.000000
840	Spectrogram 1	3	479.341	480.051	4000.0	18000.0	8593.7	Trillphee	9.946718	18.889658	NaN	NaN	112.912429	0.000000
522	Spectrogram 1	2	551.552	551.799	4000.0	18000.0	8105.5	Trill	7.022458	10.948361	NaN	NaN	77.582064	0.000000
1063	Spectrogram 1	4	557.692	560.200	4000.0	18000.0	7812.5	Phee	5.448456	15.000000	NaN	NaN	202.204214	0.000000
40	Spectrogram 1	1	564.180	564.710	4000.0	18000.0	7617.2	Trill	16.861418	21.667577	NaN	NaN	139.809000	0.000000
523	Spectrogram 1	2	590.612	590.930	4000.0	18000.0	7617.2	Trill	8.816558	12.038025	NaN	NaN	68.664408	0.000000
524	Spectrogram 1	2	597.281	597.600	4000.0	18000.0	7519.5	Trill	12.760998	16.987512	NaN	NaN	113.297329	0.000000
525	Spectrogram 1	2	602.390	602.779	4000.0	18000.0	6250.0	Trill	13.567966	16.048636	NaN	NaN	99.465527	0.000000
841	Spectrogram 1	3	640.490	641.009	4000.0	18000.0	8496.1	Trill	9.241160	13.752882	NaN	NaN	89.904113	0.000000
45	Spectrogram 1	1	663.430	663.489	4000.0	18000.0	8496.1	Twitter	12.550956	17.212508	NaN	NaN	89.053745	0.000000
46	Spectrogram 1	1	663.620	663.653	4000.0	18000.0	8007.8	Twitter	8.491466	16.523312	NaN	NaN	51.114352	0.000000
1165	Spectrogram 1	1	663.756	663.788	5959.8	12677.3	7421.9	Twitter						
1166	Spectrogram 1	1	663.883	663.915	6136.5	13207.6	7324.2	Twitter						
1167	Spectrogram 1	1	664.011	664.052	5959.8	15152.1	7226.6	Twitter						
1168	Spectrogram 1	1	664.144	664.176	5959.8	14445.0	7324.2	Twitter						
1169	Spectrogram 1	1	664.265	664.299	5959.8	14268.3	7324.2	Twitter						
1170	Spectrogram 1	1	664.382	664.418	5783.0	13914.7	7324.2	Twitter						
1171	Spectrogram 1	1	664.494	664.538	6490.1	13737.9	8398.4	Twitter						
1172	Spectrogram 1	1	664.613	664.650	7374.0	14268.3	7910.2	Twitter						
842	Spectrogram 1	3	688.768	689.118	4000.0	18000.0	7519.5	Trill	10.629724	16.716925	NaN	NaN	94.057685	0.000000
51	Spectrogram 1	1	769.830	770.947	4000.0	18000.0	8789.1	Trillphee	23.109691	33.303587	NaN	NaN	243.695316	0.000000
1248	Spectrogram 1	1	770.997	771.060	8069.9	13525.9	9375.0	Phee						
1249	Spectrogram 1	1	771.185	771.247	8069.9	13744.2	9082.0	Phee						
52	Spectrogram 1	1	771.424	771.470	4000.0	18000.0	8984.4	P-peep	21.340110	28.559809	NaN	NaN	178.148443	0.000000
528	Spectrogram 1	2	776.670	777.860	4000.0	18000.0	8789.1	Trillphee	17.771462	32.212031	NaN	NaN	246.583762	0.000000
53	Spectrogram 1	1	784.270	784.528	4000.0	18000.0	9082.0	Trill	14.480271	19.093852	NaN	NaN	100.647355	0.000000
54	Spectrogram 1	1	788.213	788.290	4000.0	18000.0	8886.7	Trill	14.053524	18.004594	NaN	NaN	109.869565	0.000000
843	Spectrogram 1	3	792.470	792.799	4000.0	18000.0	8886.7	Trill	11.077663	16.409221	NaN	NaN	111.930680	0.000000
844	Spectrogram 1	3	800.010	800.270	4000.0	18000.0	8789.1	Trill	9.383616	14.218372	NaN	NaN	116.292001	0.000000
55	Spectrogram 1	1	801.000	801.230	4000.0	18000.0	8789.1	Trill	15.003975	19.697517	NaN	NaN	114.015315	0.000000
529	Spectrogram 1	2	805.390	805.470	4000.0	18000.0	8300.8	Trill	15.113372	18.543304	NaN	NaN	131.145863	0.000000
56	Spectrogram 1	1	807.890	807.980	4000.0	18000.0	8886.7	Trill	12.113673	16.929106	NaN	NaN	100.965403	0.000000
57	Spectrogram 1	1	812.449	812.640	4000.0	18000.0	7421.9	Trill	18.870121	24.405306	NaN	NaN	175.352108	0.000000
58	Spectrogram 1	1	812.735	812.785	4000.0	18000.0	8300.8	Trill	16.276371	19.693591	NaN	NaN	149.025878	0.000000
59	Spectrogram 1	1	812.920	812.980	4000.0	18000.0	8789.1	P-peep	11.343757	12.856448	NaN	NaN	100.341540	0.000000
60	Spectrogram 1	1	818.790	818.866	4000.0	18000.0	8593.7	Trill	14.645688	18.975559	NaN	NaN	133.900173	0.000000
1064	Spectrogram 1	2	831.858	833.406	4000.0	18000.0	8984.4	Phee	6.122304	15.000000	NaN	NaN	89.731086	0.000000
1119	Spectrogram 1	2	833.988	835.142	4000.0	18000.0	9082.0	Phee	5.891942	15.000000	NaN	NaN	70.015440	0.000000
852	Spectrogram 1	3	944.130	944.920	4000.0	18000.0	8593.7	Trillphee	8.679178	17.900137	NaN	NaN	136.545981	0.000000
535	Spectrogram 1	2	968.928	969.130	4000.0	18000.0	8300.8	Trill	11.962598	15.443064	NaN	NaN	92.805334	0.000000
973	Spectrogram 1	4	970.060	970.130	4000.0	18000.0	9082.0	Twitter	11.255929	18.991054	NaN	NaN	98.947744	0.000000
974	Spectrogram 1	4	970.220	970.267	4000.0	18000.0	7519.5	Twitter	11.611437	22.173291	NaN	NaN	67.574312	0.000000
975	Spectrogram 1	4	970.370	970.424	4000.0	18000.0	7421.9	Twitter	8.426050	16.968721	NaN	NaN	63.974593	0.000000
1174	Spectrogram 1	4	970.514	970.576	4545.5	14798.6	7421.9	Twitter						
1175	Spectrogram 1	4	970.654	970.725	5606.2	13207.6	6933.6	Twitter						
1176	Spectrogram 1	4	970.800	970.848	5606.2	11439.8	6152.3	Twitter						
536	Spectrogram 1	2	992.920	993.070	4000.0	18000.0	8203.1	Trill	15.941989	20.187151	NaN	NaN	157.291305	0.000000
854	Spectrogram 1	3	1005.960	1006.020	4000.0	18000.0	8300.8	P-peep	8.592441	13.696089	NaN	NaN	134.491846	0.000000
537	Spectrogram 1	2	1017.334	1017.410	4000.0	18000.0	7812.5	Trill	8.141988	11.206156	NaN	NaN	78.103675	0.000000
855	Spectrogram 1	3	1038.970	1039.050	4000.0	18000.0	8007.8	P-peep	9.319621	14.617856	NaN	NaN	119.575847	0.000000
1143	Spectrogram 1	3	1039.141	1039.573	7550.7	11086.3	9277.3	Phee						
1126	Spectrogram 1	3	1039.644	1040.070	4000.0	18000.0	9277.3	Phee	6.736039	15.000000	NaN	NaN	132.815515	0.000000
539	Spectrogram 1	2	1085.490	1086.948	4000.0	18000.0	9179.7	Phee	15.591199	32.224697	NaN	NaN	68.936599	0.000000
541	Spectrogram 1	2	1087.749	1089.046	4000.0	18000.0	8789.1	Phee	16.035764	32.379034	NaN	NaN	65.480948	0.000000
545	Spectrogram 1	2	1135.850	1136.160	4000.0	18000.0	7519.5	Trill	9.962953	13.983580	NaN	NaN	74.740910	0.000000
547	Spectrogram 1	2	1174.540	1174.720	4000.0	18000.0	7226.6	Trill	10.164023	13.415110	NaN	NaN	67.142565	0.000000
73	Spectrogram 1	1	1257.780	1258.276	4000.0	18000.0	7031.2	Trill	25.471235	30.132340	NaN	NaN	203.363328	0.000000
74	Spectrogram 1	1	1260.080	1260.120	4000.0	18000.0	11132.8	Twitter	13.593504	22.740463	NaN	NaN	74.316667	0.000000
75	Spectrogram 1	1	1260.216	1260.237	4000.0	18000.0	8789.1	Twitter	13.698456	19.256248	NaN	NaN	69.261301	0.000000
1132	Spectrogram 1	1	1260.351	1260.377	6375.9	14980.1	7324.2	Twitter						
1133	Spectrogram 1	1	1260.489	1260.517	6688.8	16544.5	7128.9	Twitter						
1134	Spectrogram 1	1	1260.620	1260.659	5593.7	15136.5	7128.9	Twitter						
1135	Spectrogram 1	1	1260.752	1260.793	5750.1	17326.7	7031.2	Twitter						
1136	Spectrogram 1	1	1260.878	1260.913	5437.2	15136.5	7031.2	Twitter						
1137	Spectrogram 1	1	1261.006	1261.043	5750.1	16544.5	7128.9	Twitter						
1138	Spectrogram 1	1	1261.124	1261.164	5750.1	17483.1	7031.2	Twitter						
1139	Spectrogram 1	1	1261.242	1261.284	5750.1	15449.4	7128.9	Twitter						
1140	Spectrogram 1	1	1261.357	1261.400	6375.9	15449.4	7031.2	Twitter						
76	Spectrogram 1	1	1261.501	1261.520	4000.0	18000.0	8007.8	Twitter	11.633189	18.495892	NaN	NaN	61.809124	0.000000
557	Spectrogram 1	2	1293.304	1293.530	4000.0	18000.0	8203.1	Trill	12.134999	15.041896	NaN	NaN	88.935150	0.000000
558	Spectrogram 1	2	1326.269	1327.853	4000.0	18000.0	9179.7	Phee	19.750607	35.291870	NaN	NaN	59.920621	0.000000
1098	Spectrogram 1	2	1328.370	1329.506	4000.0	18000.0	8789.1	Phee	6.606634	15.000000	NaN	NaN	104.709574	0.000000
861	Spectrogram 1	3	1391.410	1391.860	4000.0	18000.0	9277.3	Trill	11.918359	18.924513	NaN	NaN	124.993115	0.000000
560	Spectrogram 1	2	1458.150	1458.220	4000.0	18000.0	8300.8	Trill	7.667001	11.511039	NaN	NaN	82.469481	0.000000
561	Spectrogram 1	2	1478.822	1478.920	4000.0	18000.0	8398.4	Trill	12.542013	16.177272	NaN	NaN	111.498980	0.000000
81	Spectrogram 1	1	1490.330	1490.470	4000.0	18000.0	7617.2	Trill	13.312552	21.490274	NaN	NaN	117.181809	0.000000
863	Spectrogram 1	3	1533.260	1534.240	4000.0	18000.0	9277.3	Phee	9.623252	19.664173	NaN	NaN	128.485801	0.000000
90	Spectrogram 1	1	1557.895	1557.960	4000.0	18000.0	8886.7	Trill	14.930893	20.048342	NaN	NaN	120.385459	0.000000
91	Spectrogram 1	1	1559.730	1559.790	4000.0	18000.0	8886.7	P-peep	12.836156	18.078695	NaN	NaN	119.123150	0.000000
1080	Spectrogram 1	4	1582.150	1584.250	4000.0	18000.0	7519.5	Phee	6.132777	15.000000	NaN	NaN	180.322169	0.000000
562	Spectrogram 1	2	1616.500	1617.120	4000.0	18000.0	8105.5	Trill	12.776080	16.011624	NaN	NaN	102.371901	0.000000
564	Spectrogram 1	2	1618.143	1618.440	4000.0	18000.0	6250.0	Trill	14.688966	17.208335	NaN	NaN	105.456107	0.000000
865	Spectrogram 1	3	1630.351	1630.990	4000.0	18000.0	8886.7	Trill	9.385968	15.942622	NaN	NaN	106.297985	0.000000
866	Spectrogram 1	3	1736.191	1736.550	4000.0	18000.0	9375.0	Trill	9.365674	15.544588	NaN	NaN	103.747494	0.000000
867	Spectrogram 1	3	1754.280	1754.690	4000.0	18000.0	8789.1	Trill	10.076509	14.812299	NaN	NaN	104.592770	0.000000
109	Spectrogram 1	1	1760.479	1760.860	4000.0	18000.0	7226.6	Trill	14.693648	21.064329	NaN	NaN	129.487472	0.000000
625	Spectrogram 1	2	1761.600	1761.750	4000.0	18000.0	7128.9	Trill	11.355401	11.820008	NaN	NaN	64.665064	0.000000
626	Spectrogram 1	2	1762.460	1762.645	4000.0	18000.0	5273.4	Trill	11.050147	11.060997	NaN	NaN	55.981856	0.000000
110	Spectrogram 1	1	1765.440	1765.533	4000.0	18000.0	8593.7	Tse	21.368120	24.853108	NaN	NaN	175.135276	0.000000
111	Spectrogram 1	1	1765.660	1765.700	4000.0	18000.0	7714.8	Trill	16.030093	17.329210	NaN	NaN	127.167742	0.000000
868	Spectrogram 1	3	1775.240	1775.411	4000.0	18000.0	8691.4	Trill	7.611647	13.208871	NaN	NaN	84.366610	0.000000
869	Spectrogram 1	3	1775.581	1775.690	4000.0	18000.0	9277.3	Phee	8.045255	15.059068	NaN	NaN	112.387544	0.000000
627	Spectrogram 1	2	1784.450	1784.550	4000.0	18000.0	7031.2	Trill	9.327652	13.155747	NaN	NaN	71.617161	0.000000
870	Spectrogram 1	3	1792.300	1792.600	4000.0	18000.0	8593.7	Trill	9.385496	13.370670	NaN	NaN	105.215405	0.000000
871	Spectrogram 1	3	1796.480	1796.770	4000.0	18000.0	8984.4	Trill	8.635234	12.656754	NaN	NaN	98.409861	0.000000
120	Spectrogram 1	1	1944.250	1944.340	4000.0	18000.0	8789.1	Trill	12.914265	16.653763	NaN	NaN	115.961151	0.000000
122	Spectrogram 1	1	1970.300	1970.387	4000.0	18000.0	8789.1	Trill	13.128936	17.785025	NaN	NaN	133.534801	0.000000
123	Spectrogram 1	1	1970.490	1971.050	4000.0	18000.0	8984.4	Phee	10.955734	14.675872	NaN	NaN	98.616673	0.000000
872	Spectrogram 1	3	2037.220	2037.318	4000.0	18000.0	8593.7	Trill	8.191998	13.727238	NaN	NaN	85.375720	0.000000
873	Spectrogram 1	3	2037.360	2037.682	4000.0	18000.0	7421.9	Trill	8.126255	11.022203	NaN	NaN	82.082467	0.000000
128	Spectrogram 1	1	2050.210	2050.330	4000.0	18000.0	7617.2	Trill	14.374611	16.615015	NaN	NaN	101.843536	0.000000
129	Spectrogram 1	1	2050.460	2050.520	4000.0	18000.0	7519.5	Trill	8.713138	9.063474	NaN	NaN	61.447690	0.000000
874	Spectrogram 1	3	2056.960	2057.638	4000.0	18000.0	8300.8	Trill	16.037888	19.941125	NaN	NaN	164.674358	0.000000
875	Spectrogram 1	3	2062.750	2063.007	4000.0	18000.0	8203.1	Trill	14.796482	19.294938	NaN	NaN	160.587283	0.000000
876	Spectrogram 1	3	2063.060	2063.151	4000.0	18000.0	7910.2	Trill	13.133501	15.196826	NaN	NaN	137.074212	0.000000
136	Spectrogram 1	1	2085.700	2085.740	4000.0	18000.0	8593.7	P-peep	11.109595	10.453724	NaN	NaN	77.357435	0.000000
137	Spectrogram 1	1	2090.330	2090.380	4000.0	18000.0	9179.7	P-peep	10.818500	13.311808	NaN	NaN	82.249507	0.000000
138	Spectrogram 1	1	2092.340	2092.400	4000.0	18000.0	8593.7	P-peep	9.951923	12.686567	NaN	NaN	85.164776	0.000000
139	Spectrogram 1	1	2094.460	2094.500	4000.0	18000.0	8496.1	P-peep	13.780382	16.135331	NaN	NaN	115.741525	0.000000
140	Spectrogram 1	1	2095.930	2096.010	4000.0	18000.0	8691.4	Trill	11.954306	14.855736	NaN	NaN	95.761019	0.000000
141	Spectrogram 1	1	2096.550	2096.620	4000.0	18000.0	8593.7	P-peep	11.897936	14.729473	NaN	NaN	98.094229	0.000000
142	Spectrogram 1	1	2097.740	2097.836	4000.0	18000.0	8691.4	Trill	14.261254	18.324467	NaN	NaN	110.981375	0.000000
143	Spectrogram 1	1	2118.108	2118.170	4000.0	18000.0	8984.4	Trill	13.184941	18.418988	NaN	NaN	124.190920	0.000000
634	Spectrogram 1	2	2130.426	2130.520	4000.0	18000.0	7812.5	Trill	14.310338	17.518416	NaN	NaN	129.938027	0.000000
635	Spectrogram 1	2	2130.585	2130.650	4000.0	18000.0	8496.1	Trill	11.425314	12.069172	NaN	NaN	98.613443	0.000000
636	Spectrogram 1	2	2132.810	2132.890	4000.0	18000.0	7910.2	Trill	14.584858	16.637896	NaN	NaN	128.326644	0.000000
637	Spectrogram 1	2	2152.260	2152.450	4000.0	18000.0	8300.8	Trill	9.242842	11.313763	NaN	NaN	69.240684	0.000000
877	Spectrogram 1	3	2152.815	2152.918	4000.0	18000.0	8105.5	Trill	16.886298	22.564604	NaN	NaN	192.523277	0.000000
878	Spectrogram 1	3	2153.000	2153.080	4000.0	18000.0	7519.5	Trill	14.160773	16.992546	NaN	NaN	133.821445	0.000000
879	Spectrogram 1	3	2153.223	2153.270	4000.0	18000.0	7910.2	Trill	12.090588	14.224536	NaN	NaN	119.468372	0.000000
639	Spectrogram 1	2	2162.328	2162.420	4000.0	18000.0	7031.2	Trill	8.342069	8.585117	NaN	NaN	53.531034	0.000000
640	Spectrogram 1	2	2164.120	2164.358	4000.0	18000.0	7031.2	Trill	13.441866	14.619262	NaN	NaN	95.965734	0.000000
880	Spectrogram 1	3	2183.650	2184.161	4000.0	18000.0	6835.9	Trill	15.159528	20.451211	NaN	NaN	163.566930	0.000000
147	Spectrogram 1	1	2185.937	2185.967	4000.0	18000.0	8007.8	Twitter	8.784018	16.752561	NaN	NaN	55.257030	0.000000
1179	Spectrogram 1	1	2186.074	2186.100	6666.9	14445.0	7812.5	Twitter						
1180	Spectrogram 1	1	2186.203	2186.241	5606.2	14091.5	7714.8	Twitter						
1181	Spectrogram 1	1	2186.335	2186.372	5606.2	13384.4	7617.2	Twitter						
1182	Spectrogram 1	1	2186.457	2186.494	5606.2	12677.3	7617.2	Twitter						
1183	Spectrogram 1	1	2186.587	2186.622	5959.8	13384.4	7617.2	Twitter						
1184	Spectrogram 1	1	2186.709	2186.739	6490.1	13207.6	7519.5	Twitter						
1185	Spectrogram 1	1	2186.823	2186.855	7020.4	13207.6	8105.5	Twitter						
883	Spectrogram 1	3	2189.870	2189.955	4000.0	18000.0	6445.3	Trill	15.308044	18.203148	NaN	NaN	156.517637	0.000000
885	Spectrogram 1	3	2190.540	2190.860	4000.0	18000.0	9668.0	P-peep	15.636559	21.215303	NaN	NaN	199.308780	0.000000
148	Spectrogram 1	1	2202.520	2202.606	4000.0	18000.0	8691.4	Tse	17.840946	22.361207	NaN	NaN	156.417784	0.000000
641	Spectrogram 1	2	2230.162	2230.230	4000.0	18000.0	6835.9	Trill	9.854847	15.297217	NaN	NaN	94.266072	0.000000
886	Spectrogram 1	3	2231.040	2231.120	4000.0	18000.0	6738.3	Trill	17.665816	21.024153	NaN	NaN	160.244513	0.000000
887	Spectrogram 1	3	2231.270	2231.324	4000.0	18000.0	7324.2	Trill	14.275498	16.952940	NaN	NaN	147.588376	0.000000
642	Spectrogram 1	2	2232.650	2233.200	4000.0	18000.0	6640.6	Trill	17.550851	23.392204	NaN	NaN	172.286015	0.000000
152	Spectrogram 1	1	2248.040	2248.380	4000.0	18000.0	8691.4	Trill	14.117363	17.748184	NaN	NaN	112.868973	0.000000
156	Spectrogram 1	1	2276.940	2276.990	4000.0	18000.0	9472.7	Tse	17.214462	22.409783	NaN	NaN	169.590400	0.000000
157	Spectrogram 1	1	2279.120	2279.190	4000.0	18000.0	8789.1	Trill	16.234937	20.865124	NaN	NaN	152.603561	0.000000
158	Spectrogram 1	1	2279.390	2279.430	4000.0	18000.0	8691.4	P-peep	17.310277	17.985999	NaN	NaN	144.892803	0.000000
159	Spectrogram 1	1	2285.330	2286.490	4000.0	18000.0	8886.7	Trillphee	17.957215	24.264846	NaN	NaN	177.887738	0.000000
160	Spectrogram 1	1	2290.590	2290.670	4000.0	18000.0	8789.1	Trill	12.686256	15.941197	NaN	NaN	111.678323	0.000000
161	Spectrogram 1	1	2292.120	2292.180	4000.0	18000.0	8789.1	Trill	13.906378	18.542168	NaN	NaN	125.464169	0.000000
162	Spectrogram 1	1	2293.920	2294.000	4000.0	18000.0	8691.4	Trill	13.292332	16.803904	NaN	NaN	115.404622	0.000000
163	Spectrogram 1	1	2294.310	2294.350	4000.0	18000.0	8691.4	P-peep	13.364499	14.621404	NaN	NaN	105.523465	0.000000
164	Spectrogram 1	1	2296.400	2296.460	4000.0	18000.0	8789.1	Trill	15.974884	19.855290	NaN	NaN	136.112353	0.000000
165	Spectrogram 1	1	2298.150	2298.200	4000.0	18000.0	8789.1	Trill	16.248333	19.496083	NaN	NaN	140.671520	0.000000
166	Spectrogram 1	1	2301.470	2301.540	4000.0	18000.0	8593.7	Trill	10.043106	12.998937	NaN	NaN	74.651979	0.000000
167	Spectrogram 1	1	2309.010	2309.060	4000.0	18000.0	8789.1	P-peep	9.486421	10.842770	NaN	NaN	81.891959	0.000000
168	Spectrogram 1	1	2311.220	2311.260	4000.0	18000.0	8593.7	P-peep	7.969133	8.996930	NaN	NaN	65.539617	0.000000
174	Spectrogram 1	1	2330.470	2330.520	4000.0	18000.0	8496.1	Trill	11.465658	14.726543	NaN	NaN	93.518539	0.000000
175	Spectrogram 1	1	2333.754	2333.810	4000.0	18000.0	8691.4	Trill	8.731244	13.045002	NaN	NaN	81.250415	0.000000
646	Spectrogram 1	2	2347.660	2347.810	4000.0	18000.0	7128.9	Trill	13.927846	18.436983	NaN	NaN	125.236580	0.000000
180	Spectrogram 1	1	2348.140	2348.190	4000.0	18000.0	8984.4	Sd-peep	9.039864	13.925591	NaN	NaN	59.726160	0.000000
647	Spectrogram 1	2	2349.690	2349.770	4000.0	18000.0	6835.9	Trill	11.728903	13.017710	NaN	NaN	72.975758	0.000000
890	Spectrogram 1	3	2350.990	2351.520	4000.0	18000.0	8007.8	Trill	11.471810	15.760828	NaN	NaN	119.327126	0.000000
891	Spectrogram 1	3	2357.500	2357.680	4000.0	18000.0	8300.8	Trill	13.581151	17.933059	NaN	NaN	138.632187	0.000000
892	Spectrogram 1	3	2357.770	2357.830	4000.0	18000.0	8398.4	Trill	11.977906	15.069830	NaN	NaN	148.334442	0.000000
648	Spectrogram 1	2	2361.230	2361.290	4000.0	18000.0	6738.3	Trill	9.646194	10.223062	NaN	NaN	65.034686	0.000000
895	Spectrogram 1	3	2369.590	2369.630	4000.0	18000.0	8691.4	P-peep	7.054073	12.749573	NaN	NaN	106.582075	0.000000
181	Spectrogram 1	1	2369.710	2369.780	4000.0	18000.0	8691.4	Trill	12.327756	15.859643	NaN	NaN	89.608991	0.000000
183	Spectrogram 1	1	2375.340	2375.400	4000.0	18000.0	8886.7	P-peep	12.898114	14.370985	NaN	NaN	114.000831	0.000000
184	Spectrogram 1	1	2379.700	2379.750	4000.0	18000.0	8886.7	Trill	11.887339	14.342378	NaN	NaN	93.618916	0.000000
185	Spectrogram 1	1	2380.860	2380.910	4000.0	18000.0	8691.4	P-peep	11.796127	14.158482	NaN	NaN	103.325174	0.000000
198	Spectrogram 1	1	2452.470	2452.630	4000.0	18000.0	9082.0	Trill	13.389780	17.457007	NaN	NaN	125.037035	0.000000
199	Spectrogram 1	1	2452.960	2453.000	4000.0	18000.0	8496.1	Trill	17.287890	20.396784	NaN	NaN	143.424921	0.000000
651	Spectrogram 1	2	2466.830	2467.008	4000.0	18000.0	8300.8	Trill	7.349913	11.176146	NaN	NaN	66.933139	0.000000
203	Spectrogram 1	1	2470.030	2470.090	4000.0	18000.0	8789.1	Trill	9.426200	14.112109	NaN	NaN	84.368017	0.000000
899	Spectrogram 1	3	2476.240	2476.670	4000.0	18000.0	9277.3	Phee	13.165088	18.789063	NaN	NaN	165.717780	0.000000
652	Spectrogram 1	2	2503.850	2503.960	4000.0	18000.0	8496.1	Trill	11.576104	18.223954	NaN	NaN	112.399194	0.000000
653	Spectrogram 1	2	2504.070	2504.110	4000.0	18000.0	7617.2	Trill	7.543788	9.662979	NaN	NaN	72.034502	0.000000
654	Spectrogram 1	2	2523.220	2523.440	4000.0	18000.0	7714.8	Trill	12.260666	16.260319	NaN	NaN	94.127203	0.000000
656	Spectrogram 1	2	2538.270	2538.400	4000.0	18000.0	7519.5	Trill	13.312610	17.654457	NaN	NaN	114.004945	0.000000
1102	Spectrogram 1	1	2539.030	2539.090	4000.0	18000.0	9082.0	Phee	5.310444	9.451597	NaN	NaN	57.693295	0.000000
657	Spectrogram 1	2	2549.750	2549.990	4000.0	18000.0	7324.2	Trill	9.347684	11.999160	NaN	NaN	76.143694	0.000000
658	Spectrogram 1	2	2578.360	2578.640	4000.0	18000.0	7421.9	Trill	12.179705	18.655504	NaN	NaN	123.016033	0.000000
660	Spectrogram 1	2	2583.920	2584.065	4000.0	18000.0	7324.2	Trill	10.782879	13.304349	NaN	NaN	83.463703	0.000000
663	Spectrogram 1	2	2608.507	2608.763	4000.0	18000.0	7812.5	Trill	10.543929	14.293155	NaN	NaN	94.478227	0.000000
902	Spectrogram 1	3	2638.930	2639.490	4000.0	18000.0	9277.3	Trill	8.623569	12.688928	NaN	NaN	79.701656	0.000000
230	Spectrogram 1	1	2727.020	2727.100	4000.0	18000.0	8886.7	Trill	14.376849	18.000055	NaN	NaN	115.190649	0.000000
231	Spectrogram 1	1	2729.130	2729.190	4000.0	18000.0	8984.4	Trill	13.306891	17.312916	NaN	NaN	117.006065	0.000000
232	Spectrogram 1	1	2729.270	2729.330	4000.0	18000.0	9082.0	P-peep	9.105012	12.709281	NaN	NaN	90.019278	0.000000
665	Spectrogram 1	2	2743.380	2743.505	4000.0	18000.0	8300.8	Trill	13.131507	18.145596	NaN	NaN	117.066622	0.000000
242	Spectrogram 1	1	2747.770	2747.820	4000.0	18000.0	8691.4	P-peep	9.482495	14.526469	NaN	NaN	78.862433	0.000000
244	Spectrogram 1	1	2752.250	2752.330	4000.0	18000.0	8593.7	Trill	9.517286	12.470036	NaN	NaN	79.482310	0.000000
906	Spectrogram 1	3	2766.880	2767.110	4000.0	18000.0	8984.4	Phee	9.018126	17.046028	NaN	NaN	120.457834	0.000000
666	Spectrogram 1	2	2771.930	2772.190	4000.0	18000.0	8398.4	Trill	16.825438	20.063372	NaN	NaN	149.609791	0.000000
667	Spectrogram 1	2	2774.632	2774.713	4000.0	18000.0	7226.6	Trill	12.301637	13.875754	NaN	NaN	90.632596	0.000000
908	Spectrogram 1	3	2809.280	2809.760	4000.0	18000.0	9375.0	Trill	14.998831	21.736227	NaN	NaN	160.428098	0.000000
249	Spectrogram 1	1	2861.180	2861.260	4000.0	18000.0	8789.1	Trill	12.936931	15.173783	NaN	NaN	103.082733	0.000000
250	Spectrogram 1	1	2861.340	2861.390	4000.0	18000.0	8789.1	P-peep	11.149340	15.324906	NaN	NaN	111.806849	0.000000
251	Spectrogram 1	1	2862.100	2862.160	4000.0	18000.0	9863.3	Sd-peep	13.000963	20.124255	NaN	NaN	133.728914	0.000000
252	Spectrogram 1	1	2864.250	2864.280	4000.0	18000.0	9082.0	P-peep	11.210667	13.675118	NaN	NaN	91.082005	0.000000
253	Spectrogram 1	1	2867.180	2867.536	4000.0	18000.0	8398.4	Trill	16.422839	20.902035	NaN	NaN	119.482664	0.000000
254	Spectrogram 1	1	2867.610	2867.660	4000.0	18000.0	8398.4	Trill	13.126492	15.543937	NaN	NaN	95.512821	0.000000
256	Spectrogram 1	1	2872.110	2872.170	4000.0	18000.0	8789.1	Trill	14.917719	17.936291	NaN	NaN	114.240844	0.000000
1011	Spectrogram 1	4	2944.125	2945.520	4000.0	18000.0	8203.1	Trillphee	11.574483	22.661816	NaN	NaN	146.098815	0.000000
913	Spectrogram 1	3	2969.250	2969.820	4000.0	18000.0	8007.8	Trill	8.178372	12.821333	NaN	NaN	88.455943	0.000000
266	Spectrogram 1	1	3070.220	3070.260	4000.0	18000.0	11718.7	Twitter	11.272035	24.985324	NaN	NaN	105.685515	0.000000
1189	Spectrogram 1	1	3070.348	3070.378	5959.8	14445.0	7812.5	Twitter						
1190	Spectrogram 1	1	3070.466	3070.498	6136.5	13030.8	7421.9	Twitter						
1191	Spectrogram 1	1	3070.581	3070.624	5783.0	13030.8	8886.7	Twitter						
1192	Spectrogram 1	1	3070.687	3070.729	6666.9	13561.2	8691.4	Twitter						
1193	Spectrogram 1	1	3070.805	3070.835	6843.6	12500.5	8691.4	Twitter						
1194	Spectrogram 1	1	3070.915	3070.955	6843.6	12323.7	8105.5	Twitter						
1195	Spectrogram 1	1	3092.112	3092.152	10025.6	16566.4	11718.7	Twitter						
272	Spectrogram 1	1	3092.220	3092.255	4000.0	18000.0	9082.0	Twitter	8.645005	15.166155	NaN	NaN	47.879261	0.000000
1196	Spectrogram 1	1	3092.346	3092.381	6490.1	11970.2	7910.2	Twitter						
1197	Spectrogram 1	1	3092.479	3092.511	6313.3	12677.3	7031.2	Twitter						
1198	Spectrogram 1	1	3092.597	3092.642	5783.0	12854.0	7031.2	Twitter						
1199	Spectrogram 1	1	3092.725	3092.765	5783.0	13384.4	7031.2	Twitter						
1200	Spectrogram 1	1	3092.845	3092.888	5783.0	13561.2	7031.2	Twitter						
1201	Spectrogram 1	1	3092.966	3093.008	5075.9	13384.4	8203.1	Twitter						
1202	Spectrogram 1	1	3093.078	3093.124	6136.5	13737.9	8203.1	Twitter						
1203	Spectrogram 1	1	3093.204	3093.242	6313.3	12500.5	8300.8	Twitter						
1204	Spectrogram 1	1	3093.312	3093.347	6843.6	12323.7	7324.2	Twitter						
1205	Spectrogram 1	1	3093.437	3093.465	7374.0	12146.9	8496.1	Twitter						
914	Spectrogram 1	3	3121.870	3122.190	4000.0	18000.0	7324.2	Trill	12.505965	16.977829	NaN	NaN	115.748296	0.000000
677	Spectrogram 1	2	3123.880	3124.203	4000.0	18000.0	7226.6	Trill	14.826373	18.328655	NaN	NaN	114.791761	0.000000
679	Spectrogram 1	2	3145.469	3145.820	4000.0	18000.0	7226.6	Trill	16.524381	21.590999	NaN	NaN	166.283239	0.000000
681	Spectrogram 1	2	3171.250	3171.483	4000.0	18000.0	7714.8	Trill	13.574639	16.191909	NaN	NaN	110.227924	0.000000
682	Spectrogram 1	2	3179.630	3179.730	4000.0	18000.0	8105.5	Trill	9.012874	11.844524	NaN	NaN	75.356645	0.000000
683	Spectrogram 1	2	3183.290	3183.403	4000.0	18000.0	8300.8	Trill	9.837302	13.861736	NaN	NaN	95.468110	0.000000
915	Spectrogram 1	3	3207.510	3207.580	4000.0	18000.0	8789.1	Trill	7.159850	12.316268	NaN	NaN	83.381667	0.000000
684	Spectrogram 1	2	3207.602	3207.670	4000.0	18000.0	8496.1	P-peep	9.953299	14.208306	NaN	NaN	108.795390	0.000000
916	Spectrogram 1	3	3212.120	3212.200	4000.0	18000.0	9082.0	Trill	11.412153	16.557382	NaN	NaN	94.252601	0.000000
276	Spectrogram 1	1	3225.860	3225.930	4000.0	18000.0	9375.0	P-peep	9.660791	14.699538	NaN	NaN	88.105581	0.000000
277	Spectrogram 1	1	3226.770	3226.810	4000.0	18000.0	9375.0	P-peep	9.045153	12.239744	NaN	NaN	79.874206	0.000000
278	Spectrogram 1	1	3235.840	3235.890	4000.0	18000.0	8984.4	P-peep	8.197308	12.114145	NaN	NaN	74.762916	0.000000
279	Spectrogram 1	1	3238.870	3238.930	4000.0	18000.0	9277.3	P-peep	11.794300	16.615478	NaN	NaN	106.877215	0.000000
919	Spectrogram 1	3	3282.610	3282.720	4000.0	18000.0	7031.2	Trill	11.524186	18.974305	NaN	NaN	122.747661	0.000000
920	Spectrogram 1	3	3282.780	3282.873	4000.0	18000.0	7421.9	Trill	7.747980	11.055780	NaN	NaN	81.088531	0.000000
1207	Spectrogram 1	3	3282.896	3282.986	7020.4	11263.1	7421.9	Trill						
1208	Spectrogram 1	3	3283.001	3283.102	6490.1	10556.0	7421.9	Trill						
685	Spectrogram 1	2	3299.200	3299.498	4000.0	18000.0	8007.8	Trill	10.274721	15.321094	NaN	NaN	96.322637	0.000000
686	Spectrogram 1	2	3322.270	3322.521	4000.0	18000.0	8203.1	Trill	9.215882	14.025559	NaN	NaN	91.025432	0.000000
688	Spectrogram 1	2	3339.644	3339.740	4000.0	18000.0	8105.5	Trill	10.669366	15.693258	NaN	NaN	105.647515	0.000000
689	Spectrogram 1	2	3339.800	3340.260	4000.0	18000.0	8886.7	Phee	8.779697	16.798144	NaN	NaN	114.403316	0.000000
690	Spectrogram 1	2	3372.900	3373.173	4000.0	18000.0	7617.2	Trill	12.224183	18.350867	NaN	NaN	121.376706	0.000000
694	Spectrogram 1	2	3463.740	3463.861	4000.0	18000.0	7421.9	Trill	14.181256	16.419478	NaN	NaN	111.075601	0.000000
695	Spectrogram 1	2	3470.513	3470.630	4000.0	18000.0	7519.5	Trill	11.181062	15.291203	NaN	NaN	108.976928	0.000000
696	Spectrogram 1	2	3482.548	3482.660	4000.0	18000.0	8398.4	Trill	9.353828	14.916636	NaN	NaN	106.709539	0.000000
292	Spectrogram 1	1	3485.970	3486.000	4000.0	18000.0	8691.4	P-peep	9.895059	11.645401	NaN	NaN	73.836853	0.000000
293	Spectrogram 1	1	3489.090	3489.150	4000.0	18000.0	9082.0	P-peep	11.548158	16.215417	NaN	NaN	106.550428	0.000000
1074	Spectrogram 1	2	3492.150	3493.520	4000.0	18000.0	9082.0	Phee	4.405211	15.000000	NaN	NaN	111.801578	0.000000
1100	Spectrogram 1	2	3493.960	3495.067	4000.0	18000.0	8984.4	Phee	4.097690	15.000000	NaN	NaN	110.137578	0.000000
294	Spectrogram 1	1	3519.480	3519.540	4000.0	18000.0	9082.0	Tse	14.827989	19.431117	NaN	NaN	118.164969	0.000000
295	Spectrogram 1	1	3519.610	3519.670	4000.0	18000.0	9179.7	Tse	16.011276	20.136338	NaN	NaN	135.014213	0.000000
296	Spectrogram 1	1	3520.980	3521.050	4000.0	18000.0	9082.0	Tse	23.262865	29.055370	NaN	NaN	202.930271	0.000000
699	Spectrogram 1	2	3544.320	3544.420	4000.0	18000.0	7324.2	Trill	10.567796	12.849668	NaN	NaN	84.416515	0.000000
298	Spectrogram 1	1	3552.460	3552.630	4000.0	18000.0	7421.9	Trill	18.062011	21.203631	NaN	NaN	157.271791	0.000000
299	Spectrogram 1	1	3552.740	3552.820	4000.0	18000.0	8007.8	Trill	19.762208	25.657702	NaN	NaN	134.675447	0.000000
700	Spectrogram 1	2	3572.570	3572.650	4000.0	18000.0	8300.8	Trill	13.680740	18.487008	NaN	NaN	130.261377	0.000000
701	Spectrogram 1	2	3572.700	3572.760	4000.0	18000.0	7617.2	Trill	14.703801	15.860808	NaN	NaN	125.456624	0.000000
702	Spectrogram 1	2	3582.170	3582.250	4000.0	18000.0	7324.2	Trill	14.887293	18.277371	NaN	NaN	139.378077	0.000000
703	Spectrogram 1	2	3598.990	3599.236	4000.0	18000.0	7714.8	Trill	16.012829	19.452902	NaN	NaN	168.015804	0.000000
704	Spectrogram 1	2	3623.940	3624.178	4000.0	18000.0	8300.8	Trill	15.380860	20.582275	NaN	NaN	173.261726	0.000000
705	Spectrogram 1	2	3630.690	3630.923	4000.0	18000.0	7812.5	Trill	16.276455	19.963324	NaN	NaN	168.955744	0.000000
706	Spectrogram 1	2	3642.040	3642.150	4000.0	18000.0	7617.2	Trill	13.896509	18.689879	NaN	NaN	122.777725	0.000000
707	Spectrogram 1	2	3654.270	3654.383	4000.0	18000.0	7421.9	Trill	13.383407	16.371016	NaN	NaN	112.677983	0.000000
708	Spectrogram 1	2	3654.469	3654.526	4000.0	18000.0	8007.8	Trill	10.922466	10.676136	NaN	NaN	80.141402	0.000000
923	Spectrogram 1	3	3664.640	3664.710	4000.0	18000.0	8203.1	Trill	10.907004	12.620243	NaN	NaN	92.176196	0.000000
924	Spectrogram 1	3	3664.840	3664.890	4000.0	18000.0	7226.6	Trill	10.143065	10.627997	NaN	NaN	87.077574	0.000000
712	Spectrogram 1	2	3773.370	3773.440	4000.0	18000.0	8496.1	Trill	9.317459	14.730856	NaN	NaN	82.567437	0.000000
713	Spectrogram 1	2	3775.880	3776.390	4000.0	18000.0	6835.9	Trill	7.495758	8.891499	NaN	NaN	53.746989	0.000000
714	Spectrogram 1	2	3787.010	3787.257	4000.0	18000.0	7910.2	Trill	9.352015	11.795958	NaN	NaN	80.055315	0.000000
715	Spectrogram 1	2	3791.290	3791.368	4000.0	18000.0	7226.6	Trill	12.658718	12.755792	NaN	NaN	77.317446	0.000000
716	Spectrogram 1	2	3807.030	3807.130	4000.0	18000.0	8398.4	Trill	17.061133	19.630903	NaN	NaN	152.453388	0.000000
717	Spectrogram 1	2	3824.260	3824.450	4000.0	18000.0	7421.9	Trill	14.586043	18.725808	NaN	NaN	131.594451	0.000000
719	Spectrogram 1	2	3926.230	3926.480	4000.0	18000.0	7128.9	Trill	8.228537	13.100976	NaN	NaN	75.413965	0.000000
927	Spectrogram 1	3	3926.420	3926.510	4000.0	18000.0	7812.5	Trill	8.746007	15.773085	NaN	NaN	116.865423	0.000000
720	Spectrogram 1	2	3951.760	3951.850	4000.0	18000.0	8105.5	Trill	11.659690	15.228017	NaN	NaN	92.130623	0.000000
721	Spectrogram 1	2	3982.090	3982.257	4000.0	18000.0	8300.8	Trill	13.905934	16.949667	NaN	NaN	121.803470	0.000000
722	Spectrogram 1	2	3991.202	3991.270	4000.0	18000.0	7421.9	Trill	11.504681	13.699373	NaN	NaN	83.633779	0.000000
929	Spectrogram 1	3	3992.520	3992.610	4000.0	18000.0	7519.5	Trill	7.946735	13.968629	NaN	NaN	86.377408	0.000000
723	Spectrogram 1	2	4002.000	4002.251	4000.0	18000.0	8300.8	Trill	11.319800	13.910862	NaN	NaN	106.512915	0.000000
724	Spectrogram 1	2	4018.190	4018.300	4000.0	18000.0	7324.2	Trill	13.499713	17.621423	NaN	NaN	107.291803	0.000000
725	Spectrogram 1	2	4035.155	4035.493	4000.0	18000.0	8007.8	Trill	8.205230	12.954870	NaN	NaN	88.995328	0.000000
726	Spectrogram 1	2	4054.240	4054.470	4000.0	18000.0	7812.5	Trill	9.898169	12.327385	NaN	NaN	70.477026	0.000000
728	Spectrogram 1	2	4149.570	4149.979	4000.0	18000.0	6933.6	Trill	9.940528	18.094836	NaN	NaN	109.627535	0.000000
333	Spectrogram 1	1	4327.490	4327.575	4000.0	18000.0	7519.5	Trill	11.698733	15.420215	NaN	NaN	94.390950	0.000000
1212	Spectrogram 1	1	4327.613	4327.630	11086.3	14091.5	12109.4	Twitter						
334	Spectrogram 1	1	4327.707	4327.736	4000.0	18000.0	8300.8	Twitter	7.324356	15.680470	NaN	NaN	65.357750	0.000000
1214	Spectrogram 1	1	4327.824	4327.851	6313.3	12323.7	7910.2	Twitter						
1215	Spectrogram 1	1	4327.949	4327.972	6490.1	11793.4	7910.2	Twitter						
1216	Spectrogram 1	1	4328.070	4328.100	6490.1	13914.7	7617.2	Twitter						
1217	Spectrogram 1	1	4328.185	4328.215	6313.3	12677.3	7617.2	Twitter						
1218	Spectrogram 1	1	4328.303	4328.341	6313.3	11616.6	7519.5	Twitter						
1219	Spectrogram 1	1	4328.424	4328.451	7374.0	10909.5	8398.4	Twitter						
336	Spectrogram 1	1	4338.990	4339.300	4000.0	18000.0	7519.5	Trill	15.184118	20.091065	NaN	NaN	105.766348	0.000000
337	Spectrogram 1	1	4339.440	4339.470	4000.0	18000.0	8007.8	Trill	12.350827	14.949158	NaN	NaN	85.109922	0.000000
339	Spectrogram 1	1	4345.260	4345.403	4000.0	18000.0	8496.1	Trill	7.286356	13.348423	NaN	NaN	71.868398	0.000000
734	Spectrogram 1	2	4376.800	4376.900	4000.0	18000.0	8203.1	Trill	12.633201	16.366848	NaN	NaN	92.736655	0.000000
743	Spectrogram 1	2	4441.310	4441.400	4000.0	18000.0	7226.6	Trill	11.937990	15.361458	NaN	NaN	104.248409	0.000000
1144	Spectrogram 1	4	4458.920	4460.063	5959.8	13207.6	8105.5	Trillphee						
355	Spectrogram 1	1	4530.090	4530.380	4000.0	18000.0	8593.7	Trill	12.142287	19.864982	NaN	NaN	89.480193	0.000000
759	Spectrogram 1	2	4534.570	4534.841	4000.0	18000.0	8398.4	Trill	8.561371	11.915423	NaN	NaN	72.337843	0.000000
760	Spectrogram 1	2	4558.300	4558.498	4000.0	18000.0	6835.9	Trill	13.034762	14.885058	NaN	NaN	92.269626	0.000000
943	Spectrogram 1	3	4564.770	4565.200	4000.0	18000.0	8300.8	Trill	12.165752	18.148653	NaN	NaN	119.814846	0.000000
761	Spectrogram 1	2	4575.790	4576.060	4000.0	18000.0	7128.9	Trill	17.701272	20.267925	NaN	NaN	115.585321	0.000000
762	Spectrogram 1	2	4587.960	4588.070	4000.0	18000.0	8496.1	Trill	13.164807	17.117349	NaN	NaN	116.465669	0.000000
763	Spectrogram 1	2	4591.368	4591.493	4000.0	18000.0	8300.8	Trill	13.186047	16.559590	NaN	NaN	115.141419	0.000000
768	Spectrogram 1	2	4654.480	4654.663	4000.0	18000.0	8007.8	Tse	15.124484	23.778669	NaN	NaN	162.975626	0.000000
769	Spectrogram 1	2	4660.440	4660.746	4000.0	18000.0	8007.8	Trill	16.323235	21.360499	NaN	NaN	166.427489	0.000000
771	Spectrogram 1	2	4674.210	4674.408	4000.0	18000.0	7812.5	Trill	11.052121	14.120113	NaN	NaN	85.271802	0.000000
772	Spectrogram 1	2	4678.618	4678.889	4000.0	18000.0	8203.1	Trill	9.042411	15.792349	NaN	NaN	91.432947	0.000000
374	Spectrogram 1	1	4688.910	4688.970	4000.0	18000.0	8496.1	P-peep	9.836502	13.400896	NaN	NaN	82.850926	0.000000
376	Spectrogram 1	1	4689.410	4689.460	4000.0	18000.0	8789.1	P-peep	9.765769	16.386813	NaN	NaN	102.041289	0.000000
1040	Spectrogram 1	4	4704.300	4705.570	4000.0	18000.0	8398.4	Trillphee	10.336778	19.159050	NaN	NaN	116.438586	0.000000
383	Spectrogram 1	1	4760.910	4761.340	4000.0	18000.0	7226.6	Trill	24.499677	31.097947	NaN	NaN	214.210525	0.000000
384	Spectrogram 1	1	4761.410	4761.450	4000.0	18000.0	7421.9	Trill	15.532631	19.942021	NaN	NaN	137.717135	0.000000
773	Spectrogram 1	2	4788.111	4788.240	4000.0	18000.0	8007.8	Trill	12.539157	16.966017	NaN	NaN	105.328127	0.000000
1042	Spectrogram 1	4	4788.580	4789.076	4000.0	18000.0	7421.9	Trill	15.472257	21.571782	NaN	NaN	145.471008	0.000000
390	Spectrogram 1	1	4798.840	4798.920	4000.0	18000.0	8789.1	P-peep	10.264463	16.813372	NaN	NaN	87.380060	0.000000
391	Spectrogram 1	1	4799.260	4799.310	4000.0	18000.0	9375.0	P-peep	7.073641	14.299015	NaN	NaN	77.763824	0.000000
945	Spectrogram 1	3	4799.390	4799.960	4000.0	18000.0	8984.4	Trill	7.074212	13.143960	NaN	NaN	90.228534	0.000000
1115	Spectrogram 1	2	4860.830	4862.290	4000.0	18000.0	7128.9	Phee	3.650348	15.000000	NaN	NaN	105.874052	0.000000
948	Spectrogram 1	3	4868.390	4868.640	4000.0	18000.0	9668.0	Trill	11.712947	17.112008	NaN	NaN	110.638320	0.000000
1059	Spectrogram 1	3	4907.822	4909.416	4000.0	18000.0	9277.3	Phee	4.301458	15.000000	NaN	NaN	138.556012	0.000000
1043	Spectrogram 1	4	4935.980	4937.410	4000.0	18000.0	7714.8	Phee	12.104241	24.357010	NaN	NaN	168.389122	0.000000
776	Spectrogram 1	2	4946.640	4946.830	4000.0	18000.0	7226.6	Trill	11.521409	17.502653	NaN	NaN	88.206294	0.000000
416	Spectrogram 1	1	4953.780	4954.530	4000.0	18000.0	8593.7	Trillphee	8.792020	16.194045	NaN	NaN	92.518274	0.000000
417	Spectrogram 1	1	4954.810	4955.050	4000.0	18000.0	7910.2	Trill	13.720135	20.751609	NaN	NaN	102.511680	0.000000
422	Spectrogram 1	1	4958.050	4958.130	4000.0	18000.0	8691.4	P-peep	9.285024	16.602567	NaN	NaN	100.703318	0.000000
423	Spectrogram 1	1	4959.540	4959.620	4000.0	18000.0	8886.7	Trill	9.715325	14.052645	NaN	NaN	83.979889	0.000000
1112	Spectrogram 1	3	4961.260	4962.810	4000.0	18000.0	9277.3	Phee	4.056635	15.000000	NaN	NaN	140.376714	0.000000
1087	Spectrogram 1	3	4963.669	4965.025	4000.0	18000.0	8789.1	Phee	3.403709	15.000000	NaN	NaN	106.992628	0.000000
777	Spectrogram 1	2	4986.280	4986.594	4000.0	18000.0	7128.9	Trill	17.296933	22.450501	NaN	NaN	156.211182	0.000000
1092	Spectrogram 1	3	5002.825	5004.206	4000.0	18000.0	9277.3	Phee	4.493225	15.000000	NaN	NaN	80.230332	0.000000
435	Spectrogram 1	1	5019.220	5019.290	4000.0	18000.0	9082.0	P-peep	14.345580	18.986092	NaN	NaN	98.008509	0.000000
441	Spectrogram 1	1	5048.450	5048.980	4000.0	18000.0	7910.2	Trill	17.129540	23.784911	NaN	NaN	149.195323	0.000000
781	Spectrogram 1	2	5066.826	5066.994	4000.0	18000.0	7031.2	Trill	9.843964	13.373626	NaN	NaN	73.289782	0.000000
442	Spectrogram 1	1	5072.020	5072.090	4000.0	18000.0	9570.3	P-peep	8.051895	12.834717	NaN	NaN	67.175191	0.000000
443	Spectrogram 1	1	5095.720	5095.930	4000.0	18000.0	8593.7	Trill	7.709359	14.898499	NaN	NaN	86.514194	0.000000
783	Spectrogram 1	2	5098.597	5098.840	4000.0	18000.0	7226.6	Trill	11.314139	14.250644	NaN	NaN	80.884393	0.000000
444	Spectrogram 1	1	5100.010	5100.200	4000.0	18000.0	8886.7	P-peep	10.289447	22.221889	NaN	NaN	128.380607	0.000000
445	Spectrogram 1	1	5100.310	5100.360	4000.0	18000.0	9375.0	P-peep	10.603246	16.933880	NaN	NaN	107.563650	0.000000
784	Spectrogram 1	2	5102.130	5102.403	4000.0	18000.0	7324.2	Trill	13.976415	16.658728	NaN	NaN	92.691910	0.000000
785	Spectrogram 1	2	5110.900	5111.203	4000.0	18000.0	7519.5	Trill	12.778557	15.827716	NaN	NaN	91.332998	0.000000
452	Spectrogram 1	1	5147.240	5147.300	4000.0	18000.0	9082.0	P-peep	7.024626	13.515607	NaN	NaN	61.753978	0.000000
455	Spectrogram 1	1	5211.510	5211.539	4000.0	18000.0	11425.8	Twitter	12.411624	21.929830	NaN	NaN	62.820567	0.000000
1146	Spectrogram 1	1	5211.635	5211.665	5959.8	15505.7	8007.8	Twitter						
1147	Spectrogram 1	1	5211.772	5211.796	5606.2	14975.4	7421.9	Twitter						
1148	Spectrogram 1	1	5211.905	5211.940	5429.4	14798.6	7421.9	Twitter						
1149	Spectrogram 1	1	5212.041	5212.077	5429.4	16566.4	7421.9	Twitter						
1150	Spectrogram 1	1	5212.166	5212.203	5429.4	17096.7	7226.6	Twitter						
1151	Spectrogram 1	1	5212.292	5212.336	4545.5	16743.1	7226.6	Twitter						
1152	Spectrogram 1	1	5212.416	5212.466	5252.7	19571.6	7324.2	Twitter						
1153	Spectrogram 1	1	5212.535	5212.586	4722.3	18687.7	7226.6	Twitter						
1154	Spectrogram 1	1	5212.659	5212.703	4899.1	17096.7	7226.6	Twitter						
1155	Spectrogram 1	1	5212.767	5212.815	5783.0	14798.6	7128.9	Twitter						
1156	Spectrogram 1	1	5212.900	5212.929	7020.4	13737.9	7714.8	Twitter						
460	Spectrogram 1	1	5227.003	5227.069	4000.0	18000.0	11718.7	Twitter	10.695216	25.683464	NaN	NaN	83.223257	0.000000
461	Spectrogram 1	1	5227.139	5227.183	4000.0	18000.0	8105.5	Twitter	9.041745	17.822860	NaN	NaN	48.115406	0.000000
1239	Spectrogram 1	1	5227.270	5227.303	7606.5	13935.5	7714.8	Twitter						
1240	Spectrogram 1	1	5227.398	5227.433	7388.2	13935.5	7519.5	Twitter						
1241	Spectrogram 1	1	5227.526	5227.559	7388.2	12844.3	7519.5	Twitter						
1242	Spectrogram 1	1	5227.650	5227.689	6951.7	14590.2	7226.6	Twitter						
1243	Spectrogram 1	1	5227.782	5227.815	6951.7	13499.0	7128.9	Twitter						
1244	Spectrogram 1	1	5227.897	5227.926	7388.2	14372.0	9472.7	Twitter						
1245	Spectrogram 1	1	5228.012	5228.041	6951.7	13717.3	7128.9	Twitter						
1246	Spectrogram 1	1	5228.125	5228.165	7388.2	11971.3	8691.4	Twitter						
790	Spectrogram 1	2	5238.420	5238.751	4000.0	18000.0	8105.5	Trill	14.716823	20.824710	NaN	NaN	119.660237	0.000000
1157	Spectrogram 1	2	5238.846	5238.874	9848.8	14621.8	11035.2	Twitter						
791	Spectrogram 1	2	5238.995	5239.040	4000.0	18000.0	9375.0	Twitter	7.595015	12.813780	NaN	NaN	54.115326	0.000000
792	Spectrogram 1	2	5239.150	5239.194	4000.0	18000.0	9082.0	Twitter	7.309793	16.644091	NaN	NaN	63.724298	0.000000
1158	Spectrogram 1	2	5239.282	5239.330	6666.9	14975.4	6835.9	Twitter						
1159	Spectrogram 1	2	5239.416	5239.464	6490.1	14445.0	6640.6	Twitter						
1160	Spectrogram 1	2	5239.547	5239.604	5783.0	14445.0	6543.0	Twitter						
1161	Spectrogram 1	2	5239.680	5239.739	5252.7	16036.0	6250.0	Twitter						
1162	Spectrogram 1	2	5239.815	5239.859	6136.5	13561.2	6933.6	Twitter						
1163	Spectrogram 1	2	5239.943	5239.975	5783.0	13384.4	6835.9	Twitter						
464	Spectrogram 1	1	5248.860	5248.912	4000.0	18000.0	12109.4	Twitter	9.657324	22.274785	NaN	NaN	67.448579	0.000000
465	Spectrogram 1	1	5248.990	5249.021	4000.0	18000.0	7910.2	Twitter	8.120782	17.697285	NaN	NaN	41.341099	0.000000
1251	Spectrogram 1	1	5249.124	5249.152	6105.7	15271.9	7421.9	Twitter						
1252	Spectrogram 1	1	5249.258	5249.290	5232.7	15490.1	7324.2	Twitter						
1253	Spectrogram 1	1	5249.387	5249.427	5887.4	14180.7	7226.6	Twitter						
1254	Spectrogram 1	1	5249.508	5249.555	4796.2	15490.1	7226.6	Twitter						
1255	Spectrogram 1	1	5249.640	5249.677	5450.9	14835.4	7128.9	Twitter						
1256	Spectrogram 1	1	5249.762	5249.805	4359.7	15490.1	6933.6	Twitter						
1257	Spectrogram 1	1	5249.880	5249.927	4796.2	17236.1	6933.6	Twitter						
1258	Spectrogram 1	1	5250.008	5250.049	5014.5	17454.3	6933.6	Twitter						
1259	Spectrogram 1	1	5250.112	5250.165	6105.7	15490.1	6933.6							
1260	Spectrogram 1	1	5250.249	5250.277	7196.9	12434.7	7910.2	Twitter						
802	Spectrogram 1	2	5271.580	5271.870	4000.0	18000.0	6738.3	Trill	12.986273	15.231174	NaN	NaN	82.664683	0.000000
466	Spectrogram 1	1	5276.080	5276.410	4000.0	18000.0	8593.7	P-peep	8.816611	17.226524	NaN	NaN	97.411542	0.000000
467	Spectrogram 1	1	5278.915	5279.020	4000.0	18000.0	8984.4	Trill	11.807815	16.055579	NaN	NaN	104.297203	0.000000
468	Spectrogram 1	1	5279.190	5279.240	4000.0	18000.0	8789.1	P-peep	8.693663	14.462182	NaN	NaN	74.824938	0.000000
1122	Spectrogram 1	1	5308.110	5310.570	4000.0	18000.0	8789.1	Phee	4.655539	15.000000	NaN	NaN	126.717135	0.000000
1083	Spectrogram 1	1	5327.280	5329.299	4000.0	18000.0	8886.7	Phee	4.847599	15.000000	NaN	NaN	129.084986	0.000000
480	Spectrogram 1	1	5352.400	5353.430	4000.0	18000.0	8691.4	Trillphee	8.262887	19.472072	NaN	NaN	82.135848	0.000000
804	Spectrogram 1	2	5396.817	5397.080	4000.0	18000.0	8007.8	Trill	13.682685	20.787826	NaN	NaN	114.323029	0.000000
805	Spectrogram 1	2	5424.847	5425.103	4000.0	18000.0	7714.8	Trill	11.318351	16.209324	NaN	NaN	90.953133	0.000000
806	Spectrogram 1	2	5430.310	5430.480	4000.0	18000.0	6738.3	Trill	12.768758	17.417016	NaN	NaN	74.445935	0.000000
807	Spectrogram 1	2	5432.960	5433.220	4000.0	18000.0	7714.8	Trill	8.876412	12.859511	NaN	NaN	66.308353	0.000000
483	Spectrogram 1	1	5445.640	5445.843	4000.0	18000.0	8691.4	Trill	8.963889	16.528838	NaN	NaN	82.827981	0.000000
808	Spectrogram 1	2	5447.617	5447.870	4000.0	18000.0	7421.9	Trill	7.895414	12.266094	NaN	NaN	68.722190	0.000000
957	Spectrogram 1	3	5451.194	5451.508	4000.0	18000.0	9179.7	Trill	10.571782	19.108024	NaN	NaN	96.664075	0.000000
484	Spectrogram 1	1	5452.750	5452.900	4000.0	18000.0	8789.1	P-peep	10.009122	17.026440	NaN	NaN	99.875206	0.000000
809	Spectrogram 1	2	5457.295	5457.425	4000.0	18000.0	7617.2	Trill	12.586133	15.721518	NaN	NaN	85.934203	0.000000
810	Spectrogram 1	2	5467.375	5467.610	4000.0	18000.0	7812.5	Trill	11.379917	16.479124	NaN	NaN	81.807569	0.000000
1093	Spectrogram 1	1	5479.520	5481.669	4000.0	18000.0	8593.7	Phee	5.201637	15.000000	NaN	NaN	135.658614	0.000000
487	Spectrogram 1	1	5498.182	5498.418	4000.0	18000.0	9375.0	Trill	11.818822	19.484655	NaN	NaN	115.947215	0.000000
811	Spectrogram 1	2	5500.430	5500.901	4000.0	18000.0	8789.1	Trillphee	9.418211	17.447268	NaN	NaN	100.025843	0.000000
812	Spectrogram 1	2	5504.045	5504.150	4000.0	18000.0	7812.5	Trill	9.487250	11.742732	NaN	NaN	81.474980	0.000000
813	Spectrogram 1	2	5506.440	5506.721	4000.0	18000.0	7714.8	Trill	11.965354	15.153400	NaN	NaN	86.996925	0.000000
488	Spectrogram 1	1	5516.690	5516.740	4000.0	18000.0	13574.2	Twitter	10.123181	21.591860	NaN	NaN	67.344942	0.000000
489	Spectrogram 1	1	5516.820	5516.866	4000.0	18000.0	7324.2	Twitter	10.931713	22.463826	NaN	NaN	46.178690	0.000000
1222	Spectrogram 1	1	5516.968	5517.011	5959.8	14975.4	7421.9	Twitter						
1223	Spectrogram 1	1	5517.107	5517.169	5783.0	17096.7	7324.2	Twitter						
1224	Spectrogram 1	1	5517.255	5517.307	5252.7	17273.5	7324.2	Twitter						
1225	Spectrogram 1	1	5517.380	5517.435	4899.1	16389.6	7128.9	Twitter						
1226	Spectrogram 1	1	5517.518	5517.571	5429.4	17450.2	7226.6	Twitter						
1227	Spectrogram 1	1	5517.649	5517.699	4899.1	16036.0	7226.6	Twitter						
1228	Spectrogram 1	1	5517.774	5517.827	5252.7	17803.8	7324.2	Twitter						
1229	Spectrogram 1	1	5517.890	5517.945	5429.4	17450.2	7226.6	Twitter						
1230	Spectrogram 1	1	5518.008	5518.065	5783.0	17096.7	7128.9	Twitter						
1117	Spectrogram 1	1	5573.320	5575.191	4000.0	18000.0	8789.1	Phee	3.213206	15.000000	NaN	NaN	100.844644	0.000000
1095	Spectrogram 1	1	5597.850	5599.856	4000.0	18000.0	8886.7	Phee	5.219239	15.000000	NaN	NaN	125.429637	0.000000
490	Spectrogram 1	1	5626.800	5626.846	4000.0	18000.0	12207.0	Twitter	11.535419	20.707132	NaN	NaN	54.488541	0.000000
1231	Spectrogram 1	1	5626.919	5626.959	7020.4	15859.3	7910.2	Twitter						
1232	Spectrogram 1	1	5627.049	5627.087	5429.4	16919.9	7519.5	Twitter						
1233	Spectrogram 1	1	5627.177	5627.217	5783.0	16389.6	7324.2	Twitter						
1234	Spectrogram 1	1	5627.310	5627.350	5959.8	17450.2	7031.2	Twitter						
1235	Spectrogram 1	1	5627.426	5627.476	5429.4	18157.3	7031.2	Twitter						
1236	Spectrogram 1	1	5627.546	5627.599	5783.0	16919.9	7128.9	Twitter						
1237	Spectrogram 1	1	5627.674	5627.714	6136.5	17980.6	7812.5	Twitter						
821	Spectrogram 1	2	5667.540	5667.760	4000.0	18000.0	8203.1	Trill	10.692093	14.509034	NaN	NaN	99.348545	0.000000
964	Spectrogram 1	3	5670.670	5671.216	4000.0	18000.0	9179.7	Trillphee	7.401626	19.507482	NaN	NaN	138.113262	0.000000
822	Spectrogram 1	2	5675.830	5676.150	4000.0	18000.0	7910.2	Trill	15.834506	21.786575	NaN	NaN	160.814329	0.000000
491	Spectrogram 1	1	5690.350	5692.190	4000.0	18000.0	8691.4	Phee	19.769119	38.555310	NaN	NaN	278.123440	0.000000
823	Spectrogram 1	2	5695.160	5695.573	4000.0	18000.0	6933.6	Trill	7.863061	14.651060	NaN	NaN	75.541926	0.000000
