Selection	View	Channel	Begin Time (s)	End Time (s)	Low Freq (Hz)	High Freq (Hz)	Max Freq (Hz)	Call Type	Energy Diff	Energy Par	Energy Diff (wl)	Energy Par (wl)	AHR	Exception
3	Spectrogram 1	2	13.380	13.629	4000.0	18000.0	7617.2	Trill	8.339356	14.393933	NaN	NaN	58.986921	0.000000
16	Spectrogram 1	2	105.091	105.210	4000.0	18000.0	7812.5	Trill	9.730155	15.172245	NaN	NaN	72.229738	0.000000
17	Spectrogram 1	2	115.400	115.670	4000.0	18000.0	7128.9	Trill	9.556885	14.305010	NaN	NaN	73.788713	0.000000
18	Spectrogram 1	1	127.510	127.587	4000.0	18000.0	8789.1	Trill	10.354286	16.401266	NaN	NaN	87.462212	0.000000
19	Spectrogram 1	2	127.698	127.820	4000.0	18000.0	7226.6	Trill	8.151190	13.996796	NaN	NaN	72.839086	0.000000
20	Spectrogram 1	2	132.150	132.257	4000.0	18000.0	7226.6	Trill	13.229992	20.478584	NaN	NaN	110.056902	0.000000
27	Spectrogram 1	1	212.590	212.680	4000.0	18000.0	8886.7	Trill	7.492924	13.480009	NaN	NaN	72.449359	0.000000
28	Spectrogram 1	2	225.100	225.360	4000.0	18000.0	8300.8	Trill	17.936125	23.624993	NaN	NaN	129.055540	0.000000
29	Spectrogram 1	2	232.820	233.140	4000.0	18000.0	7812.5	Trillphee	10.768207	15.639463	NaN	NaN	79.851817	0.000000
30	Spectrogram 1	2	242.190	242.590	4000.0	18000.0	7812.5	Phee	10.418768	19.327770	NaN	NaN	87.833740	0.000000
31	Spectrogram 1	2	248.767	249.020	4000.0	18000.0	7910.2	Trill	7.750658	12.328149	NaN	NaN	54.338370	0.000000
36	Spectrogram 1	2	325.830	326.030	4000.0	18000.0	7128.9	Trill	12.656120	18.509872	NaN	NaN	83.599722	0.000000
37	Spectrogram 1	2	364.660	365.000	4000.0	18000.0	8496.1	Trill	9.541954	17.006637	NaN	NaN	83.557681	0.000000
40	Spectrogram 1	3	427.960	428.100	4000.0	18000.0	8398.4	Trill	12.086085	20.039018	NaN	NaN	97.687761	0.000000
43	Spectrogram 1	2	455.530	455.690	4000.0	18000.0	8007.8	Trill	7.273666	10.979451	NaN	NaN	47.114986	0.000000
44	Spectrogram 1	1	457.757	458.180	4000.0	18000.0	8789.1	P-peep String	10.226940	18.100062	NaN	NaN	97.473603	0.000000
45	Spectrogram 1	2	459.140	459.360	4000.0	18000.0	7910.2	Trill	11.984862	17.089357	NaN	NaN	83.281094	0.000000
46	Spectrogram 1	2	465.560	465.730	4000.0	18000.0	7812.5	Trill	7.917794	12.492558	NaN	NaN	76.230918	0.000000
47	Spectrogram 1	1	492.800	493.980	4000.0	18000.0	8789.1	Trillphee	7.632076	21.379811	NaN	NaN	93.027197	0.000000
49	Spectrogram 1	1	504.620	504.783	4000.0	18000.0	8789.1	Trill	9.036945	19.077520	NaN	NaN	71.455017	0.000000
52	Spectrogram 1	2	593.610	593.852	4000.0	18000.0	7714.8	Trill	7.227344	11.558866	NaN	NaN	52.737769	0.000000
59	Spectrogram 1	1	662.140	662.360	4000.0	18000.0	9179.7	Trill	11.347531	18.450198	NaN	NaN	85.417760	0.000000
60	Spectrogram 1	1	665.060	665.470	4000.0	18000.0	8789.1	Trill	8.633639	14.404024	NaN	NaN	70.132133	0.000000
61	Spectrogram 1	2	697.880	698.140	4000.0	18000.0	7128.9	Trill	10.364218	15.412557	NaN	NaN	75.571270	0.000000
62	Spectrogram 1	4	700.400	700.642	4000.0	18000.0	7617.2	Trill	10.120360	15.622945	NaN	NaN	66.363869	0.000000
63	Spectrogram 1	1	723.430	723.500	4000.0	18000.0	8496.1	Trill	8.548738	14.932380	NaN	NaN	65.492007	0.000000
64	Spectrogram 1	1	723.570	723.640	4000.0	18000.0	8593.7	Trill	6.988655	14.985263	NaN	NaN	58.719746	0.000000
65	Spectrogram 1	1	723.750	723.810	4000.0	18000.0	7812.5	Trill	7.169319	12.948028	NaN	NaN	55.391087	0.000000
67	Spectrogram 1	2	730.705	730.982	4000.0	18000.0	7812.5	Trill	10.701737	14.618684	NaN	NaN	69.719446	0.000000
70	Spectrogram 1	2	749.460	749.754	4000.0	18000.0	8398.4	Trillphee	7.633282	14.442158	NaN	NaN	58.089672	0.000000
72	Spectrogram 1	2	759.800	760.390	4000.0	18000.0	8691.4	Trillphee	10.580448	21.248959	NaN	NaN	91.815327	0.000000
76	Spectrogram 1	2	774.180	774.450	4000.0	18000.0	7714.8	Trill	14.217793	20.592382	NaN	NaN	96.007563	0.000000
77	Spectrogram 1	2	795.440	795.606	4000.0	18000.0	6640.6	Trill	18.789491	24.828693	NaN	NaN	131.533570	0.000000
78	Spectrogram 1	1	803.770	804.050	4000.0	18000.0	8789.1	Trill	7.437464	14.170193	NaN	NaN	66.718990	0.000000
79	Spectrogram 1	1	806.190	806.370	4000.0	18000.0	8593.7	Trill	8.058550	15.545731	NaN	NaN	79.328475	0.000000
80	Spectrogram 1	1	806.450	806.510	4000.0	18000.0	8593.7	Trill	7.364982	15.692563	NaN	NaN	78.588621	0.000000
82	Spectrogram 1	1	811.670	812.044	4000.0	18000.0	8593.7	Trill	10.938418	18.634293	NaN	NaN	91.230817	0.000000
83	Spectrogram 1	1	814.500	814.810	4000.0	18000.0	8203.1	Trill	11.210100	16.573148	NaN	NaN	76.703716	0.000000
84	Spectrogram 1	1	819.890	820.161	4000.0	18000.0	9375.0	Trill	9.617553	17.392003	NaN	NaN	89.511541	0.000000
86	Spectrogram 1	1	837.660	838.530	4000.0	18000.0	9082.0	Trillphee	11.122583	21.375001	NaN	NaN	120.031770	0.000000
87	Spectrogram 1	1	840.220	840.550	4000.0	18000.0	8398.4	Trill	12.516960	18.418910	NaN	NaN	87.855488	0.000000
88	Spectrogram 1	2	845.000	845.290	4000.0	18000.0	7617.2	Trill	13.858953	16.892615	NaN	NaN	83.236938	0.000000
89	Spectrogram 1	1	848.690	848.800	4000.0	18000.0	8789.1	Trill	10.365780	16.763433	NaN	NaN	81.428333	0.000000
90	Spectrogram 1	1	848.900	848.960	4000.0	18000.0	8593.7	Trill	9.166804	14.239101	NaN	NaN	77.296344	0.000000
93	Spectrogram 1	2	902.994	903.340	4000.0	18000.0	8593.7	Trillphee	8.091038	13.865383	NaN	NaN	71.711566	0.000000
94	Spectrogram 1	2	909.549	909.820	4000.0	18000.0	8300.8	Trill	7.654986	12.647250	NaN	NaN	55.818967	0.000000
95	Spectrogram 1	2	915.260	915.550	4000.0	18000.0	8007.8	Trill	13.985824	20.426851	NaN	NaN	101.940935	0.000000
96	Spectrogram 1	2	918.260	918.446	4000.0	18000.0	7519.5	Trill	7.160272	11.685461	NaN	NaN	63.041371	0.000000
98	Spectrogram 1	2	997.190	997.680	4000.0	18000.0	8691.4	Trillphee	11.015414	18.615228	NaN	NaN	103.478646	0.000000
100	Spectrogram 1	2	999.700	1000.020	4000.0	18000.0	7910.2	Trillphee	9.850096	16.300547	NaN	NaN	81.711952	0.000000
101	Spectrogram 1	2	1003.310	1003.630	4000.0	18000.0	7324.2	Trill	9.634768	14.699650	NaN	NaN	73.809082	0.000000
102	Spectrogram 1	2	1011.220	1011.444	4000.0	18000.0	8007.8	Trill	8.858944	12.900729	NaN	NaN	70.393138	0.000000
103	Spectrogram 1	4	1013.050	1013.293	4000.0	18000.0	7714.8	Trill	8.458104	13.364091	NaN	NaN	55.441322	0.000000
104	Spectrogram 1	2	1016.580	1016.910	4000.0	18000.0	7226.6	Trill	8.321653	14.222762	NaN	NaN	63.634365	0.000000
105	Spectrogram 1	2	1018.410	1018.646	4000.0	18000.0	6543.0	Trill	7.298519	10.702251	NaN	NaN	56.653862	0.000000
106	Spectrogram 1	2	1021.290	1021.630	4000.0	18000.0	6738.3	Trill	13.698986	18.435245	NaN	NaN	100.262670	0.000000
113	Spectrogram 1	3	1058.550	1059.043	4000.0	18000.0	8398.4	Trill	9.600006	14.477284	NaN	NaN	57.630534	0.000000
119	Spectrogram 1	1	1089.030	1089.090	4000.0	18000.0	8886.7	P-peep	8.018411	12.671982	NaN	NaN	71.053583	0.000000
125	Spectrogram 1	1	1122.280	1122.340	4000.0	18000.0	9179.7	Tse	8.491012	13.856157	NaN	NaN	56.938635	0.000000
130	Spectrogram 1	1	1145.770	1145.840	4000.0	18000.0	9179.7	P-peep	8.376729	18.954355	NaN	NaN	97.839715	0.000000
143	Spectrogram 1	2	1184.630	1184.887	4000.0	18000.0	7617.2	Trill	7.931931	13.761318	NaN	NaN	63.452251	0.000000
147	Spectrogram 1	2	1193.640	1193.900	4000.0	18000.0	7714.8	Trill	9.612512	14.227094	NaN	NaN	74.805868	0.000000
148	Spectrogram 1	1	1197.660	1197.730	4000.0	18000.0	9082.0	P-peep	8.599530	14.368144	NaN	NaN	68.920512	0.000000
158	Spectrogram 1	1	1226.050	1226.140	4000.0	18000.0	8886.7	Trill	10.496905	16.960059	NaN	NaN	72.029556	0.000000
160	Spectrogram 1	1	1229.930	1230.330	4000.0	18000.0	8593.7	Trill	14.323922	19.749866	NaN	NaN	103.401814	0.000000
161	Spectrogram 1	2	1231.810	1232.080	4000.0	18000.0	7324.2	Trill	7.022034	11.631267	NaN	NaN	48.418556	0.000000
166	Spectrogram 1	1	1253.760	1253.980	4000.0	18000.0	8105.5	Trill	11.770643	16.625799	NaN	NaN	88.940592	0.000000
167	Spectrogram 1	1	1254.250	1254.840	4000.0	18000.0	8886.7	Phee	10.356328	17.812230	NaN	NaN	102.463671	0.000000
170	Spectrogram 1	1	1261.770	1261.860	4000.0	18000.0	9375.0	Trill	9.937541	16.000392	NaN	NaN	82.623869	0.000000
171	Spectrogram 1	1	1263.050	1263.140	4000.0	18000.0	8789.1	Trill	10.392653	15.730682	NaN	NaN	92.216262	0.000000
172	Spectrogram 1	1	1263.590	1263.660	4000.0	18000.0	9082.0	P-peep	8.009320	16.196506	NaN	NaN	96.105210	0.000000
181	Spectrogram 1	1	1322.870	1323.000	4000.0	18000.0	8593.7	Trill	10.879882	18.256637	NaN	NaN	82.687666	0.000000
182	Spectrogram 1	1	1323.891	1324.031	4000.0	18000.0	8886.7	Trill	11.666363	19.206586	NaN	NaN	108.662951	0.000000
183	Spectrogram 1	1	1325.540	1325.650	4000.0	18000.0	8886.7	Trill	13.295140	19.147271	NaN	NaN	111.931936	0.000000
185	Spectrogram 1	1	1339.410	1339.480	4000.0	18000.0	9082.0	P-peep	11.612788	17.920565	NaN	NaN	88.276412	0.000000
188	Spectrogram 1	2	1347.340	1347.620	4000.0	18000.0	7910.2	Trill	7.731358	11.978508	NaN	NaN	53.085853	0.000000
189	Spectrogram 1	1	1347.820	1347.940	4000.0	18000.0	8886.7	Trill	12.822861	18.598838	NaN	NaN	87.363324	0.000000
190	Spectrogram 1	2	1352.050	1352.374	4000.0	18000.0	7226.6	Trill	11.490982	16.959958	NaN	NaN	72.735415	0.000000
193	Spectrogram 1	1	1411.850	1411.940	4000.0	18000.0	8789.1	Trill	7.894678	15.352730	NaN	NaN	60.846368	0.000000
196	Spectrogram 1	1	1426.780	1427.160	4000.0	18000.0	8789.1	Trill	9.008186	14.580337	NaN	NaN	80.560814	0.000000
197	Spectrogram 1	2	1434.390	1435.050	4000.0	18000.0	8789.1	Phee	8.319156	16.873122	NaN	NaN	88.973807	0.000000
198	Spectrogram 1	2	1438.610	1438.758	4000.0	18000.0	8105.5	Trill	9.768019	14.053114	NaN	NaN	76.362796	0.000000
199	Spectrogram 1	2	1454.310	1454.647	4000.0	18000.0	8203.1	Trill	13.494686	18.575597	NaN	NaN	96.944387	0.000000
200	Spectrogram 1	1	1457.050	1457.150	4000.0	18000.0	8691.4	Trill	9.711272	15.705677	NaN	NaN	80.330243	0.000000
203	Spectrogram 1	1	1473.540	1473.700	4000.0	18000.0	8398.4	Trill	8.550890	14.035804	NaN	NaN	69.976033	0.000000
205	Spectrogram 1	2	1488.590	1488.865	4000.0	18000.0	7128.9	Trill	7.232402	10.128621	NaN	NaN	54.463462	0.000000
206	Spectrogram 1	1	1503.880	1503.970	4000.0	18000.0	7910.2	Phee	8.400848	17.657238	NaN	NaN	88.122836	0.000000
207	Spectrogram 1	1	1504.140	1505.710	4000.0	18000.0	8593.7	P-peep String	7.109768	22.139124	NaN	NaN	102.004690	0.000000
208	Spectrogram 1	2	1516.890	1517.150	4000.0	18000.0	7128.9	Trill	8.358350	12.526767	NaN	NaN	61.180830	0.000000
209	Spectrogram 1	1	1517.590	1517.940	4000.0	18000.0	8203.1	Trill	10.461004	15.558352	NaN	NaN	67.064404	0.000000
210	Spectrogram 1	2	1528.590	1528.816	4000.0	18000.0	7031.2	Trill	7.933771	11.453638	NaN	NaN	53.513260	0.000000
214	Spectrogram 1	2	1549.343	1549.502	4000.0	18000.0	7226.6	Trill	7.915121	13.782482	NaN	NaN	70.134232	0.000000
220	Spectrogram 1	2	1566.180	1566.504	4000.0	18000.0	7128.9	Trill	9.256960	13.249038	NaN	NaN	66.571117	0.000000
224	Spectrogram 1	2	1568.870	1569.198	4000.0	18000.0	7910.2	Trill	8.030124	11.367051	NaN	NaN	60.143331	0.000000
225	Spectrogram 1	2	1581.000	1581.101	4000.0	18000.0	7910.2	Trill	7.403473	11.171617	NaN	NaN	52.056926	0.000000
234	Spectrogram 1	2	1641.820	1642.450	4000.0	18000.0	8398.4	Trillphee	13.106049	20.965951	NaN	NaN	106.963546	0.000000
236	Spectrogram 1	2	1644.990	1645.185	4000.0	18000.0	7128.9	Trill	8.073428	13.581739	NaN	NaN	70.334098	0.000000
238	Spectrogram 1	2	1647.460	1648.270	4000.0	18000.0	8691.4	Trillphee	18.387845	28.259416	NaN	NaN	140.602286	0.000000
239	Spectrogram 1	2	1654.270	1654.526	4000.0	18000.0	7910.2	Trill	12.024575	16.230737	NaN	NaN	89.049074	0.000000
240	Spectrogram 1	1	1670.800	1670.880	4000.0	18000.0	8984.4	Trill	11.642616	16.449062	NaN	NaN	78.025292	0.000000
244	Spectrogram 1	2	1704.590	1704.936	4000.0	18000.0	7617.2	Trill	8.240352	13.213372	NaN	NaN	67.755066	0.000000
245	Spectrogram 1	1	1705.916	1706.050	4000.0	18000.0	9472.7	Trill	11.923769	17.902484	NaN	NaN	87.618319	0.000000
247	Spectrogram 1	1	1714.570	1714.630	4000.0	18000.0	8886.7	Trill	9.271271	16.331326	NaN	NaN	76.509776	0.000000
248	Spectrogram 1	1	1716.060	1716.120	4000.0	18000.0	8984.4	Trill	8.903232	15.198461	NaN	NaN	74.573878	0.000000
249	Spectrogram 1	1	1717.130	1717.250	4000.0	18000.0	9082.0	Trill	9.374789	15.390532	NaN	NaN	75.578430	0.000000
250	Spectrogram 1	1	1718.090	1718.150	4000.0	18000.0	9082.0	Trill	9.451298	15.769782	NaN	NaN	80.188252	0.000000
251	Spectrogram 1	1	1719.510	1719.579	4000.0	18000.0	8300.8	Trill	8.688762	11.321709	NaN	NaN	46.049446	0.000000
252	Spectrogram 1	1	1723.540	1723.610	4000.0	18000.0	9082.0	Trill	10.218223	18.150974	NaN	NaN	79.129042	0.000000
256	Spectrogram 1	2	1757.450	1757.880	4000.0	18000.0	7910.2	Trillphee	15.974430	24.594990	NaN	NaN	129.824507	0.000000
257	Spectrogram 1	2	1761.741	1762.130	4000.0	18000.0	8398.4	Trillphee	10.452068	19.694815	NaN	NaN	92.996440	0.000000
258	Spectrogram 1	2	1765.170	1765.710	4000.0	18000.0	8203.1	Trillphee	12.601610	21.531763	NaN	NaN	110.440663	0.000000
259	Spectrogram 1	2	1772.350	1772.450	4000.0	18000.0	6347.7	Trill	12.685317	19.717833	NaN	NaN	92.187377	0.000000
265	Spectrogram 1	1	1872.200	1872.532	4000.0	18000.0	7519.5	Trill	12.489304	19.598255	NaN	NaN	93.419457	0.000000
266	Spectrogram 1	2	1872.940	1873.235	4000.0	18000.0	7519.5	Trill	11.142946	17.300370	NaN	NaN	89.758222	0.000000
267	Spectrogram 1	1	1874.210	1874.340	4000.0	18000.0	8300.8	Trill	10.608746	16.539372	NaN	NaN	73.728600	0.000000
268	Spectrogram 1	1	1874.380	1874.440	4000.0	18000.0	7421.9	Trill	10.954651	14.217331	NaN	NaN	74.088000	0.000000
269	Spectrogram 1	2	1875.460	1875.774	4000.0	18000.0	7128.9	Trill	15.189909	20.777683	NaN	NaN	108.396206	0.000000
270	Spectrogram 1	1	1888.480	1888.550	4000.0	18000.0	8593.7	P-peep	10.372781	18.134852	NaN	NaN	105.444190	0.000000
271	Spectrogram 1	1	1888.670	1890.090	4000.0	18000.0	8886.7	P-peep Strimg	8.100421	22.717699	NaN	NaN	87.135841	0.000000
272	Spectrogram 1	2	1893.830	1894.242	4000.0	18000.0	8593.7	Trillphee	9.314425	17.426844	NaN	NaN	85.752925	0.000000
274	Spectrogram 1	1	1925.080	1926.440	4000.0	18000.0	8886.7	P-peep Strimg	7.833415	20.211048	NaN	NaN	97.877501	0.000000
275	Spectrogram 1	2	1937.650	1937.896	4000.0	18000.0	7324.2	Trill	7.983737	12.472842	NaN	NaN	59.668252	0.000000
277	Spectrogram 1	1	1951.599	1953.510	4000.0	18000.0	8691.4	Phee	20.162531	40.693347	NaN	NaN	107.725292	0.000000
279	Spectrogram 1	1	1959.409	1959.619	4000.0	18000.0	8691.4	Trill	10.786310	16.658039	NaN	NaN	75.155805	0.000000
280	Spectrogram 1	3	1984.020	1984.141	4000.0	18000.0	8007.8	Trill	14.360257	19.382002	NaN	NaN	90.687131	0.000000
281	Spectrogram 1	3	1984.500	1984.570	4000.0	18000.0	7324.2	Trill	13.177052	16.211850	NaN	NaN	73.286565	0.000000
283	Spectrogram 1	1	2043.518	2044.960	4000.0	18000.0	8789.1	Trillphee	14.285352	30.302497	NaN	NaN	155.735278	0.000000
284	Spectrogram 1	2	2045.360	2045.678	4000.0	18000.0	8496.1	Trill	7.775226	13.751037	NaN	NaN	67.876397	0.000000
285	Spectrogram 1	1	2060.430	2060.780	4000.0	18000.0	8691.4	Trill	14.230530	20.567395	NaN	NaN	95.687401	0.000000
287	Spectrogram 1	1	2073.150	2073.230	4000.0	18000.0	8886.7	Trill	13.943321	19.499437	NaN	NaN	105.109459	0.000000
289	Spectrogram 1	1	2119.020	2119.064	4000.0	18000.0	11328.1	Twitter	8.409826	17.332509	NaN	NaN	50.572695	0.000000
290	Spectrogram 1	2	2146.760	2147.092	4000.0	18000.0	7226.6	Trill	8.011690	13.351352	NaN	NaN	61.124674	0.000000
293	Spectrogram 1	2	2154.884	2155.264	4000.0	18000.0	8007.8	Trill	11.953455	19.280843	NaN	NaN	91.082704	0.000000
294	Spectrogram 1	1	2156.340	2156.420	4000.0	18000.0	8593.7	Trill	14.324821	20.708212	NaN	NaN	126.290168	0.000000
295	Spectrogram 1	2	2158.567	2158.910	4000.0	18000.0	8398.4	Trill	18.510522	26.542379	NaN	NaN	144.717670	0.000000
296	Spectrogram 1	1	2159.120	2159.250	4000.0	18000.0	8984.4	Trill	18.194440	26.988411	NaN	NaN	149.298383	0.000000
297	Spectrogram 1	1	2159.320	2159.470	4000.0	18000.0	8984.4	P-peep	9.684238	14.059955	NaN	NaN	81.311087	0.000000
298	Spectrogram 1	1	2159.530	2159.610	4000.0	18000.0	9082.0	P-peep	10.255617	18.497033	NaN	NaN	102.085142	0.000000
299	Spectrogram 1	2	2167.350	2167.670	4000.0	18000.0	7910.2	Trill	14.276105	20.685680	NaN	NaN	105.445746	0.000000
300	Spectrogram 1	1	2173.410	2173.451	4000.0	18000.0	11230.5	Twitter	9.990783	25.455811	NaN	NaN	53.756565	0.000000
301	Spectrogram 1	1	2173.533	2173.563	4000.0	18000.0	7519.5	Twitter	8.300813	19.961501	NaN	NaN	46.230700	0.000000
306	Spectrogram 1	1	2198.773	2198.970	4000.0	18000.0	8007.8	Trill	9.239013	14.166561	NaN	NaN	46.743552	0.000000
307	Spectrogram 1	1	2200.710	2200.970	4000.0	18000.0	8789.1	Trill	13.786454	19.220722	NaN	NaN	91.663987	0.000000
308	Spectrogram 1	1	2201.030	2201.080	4000.0	18000.0	7421.9	Trill	13.397448	17.956416	NaN	NaN	77.751940	0.000000
309	Spectrogram 1	2	2201.420	2201.706	4000.0	18000.0	7421.9	Trill	7.287711	13.096544	NaN	NaN	51.288855	0.000000
315	Spectrogram 1	2	2237.220	2237.550	4000.0	18000.0	8398.4	Trillphee	11.435636	19.355663	NaN	NaN	85.076736	0.000000
316	Spectrogram 1	1	2240.090	2240.150	4000.0	18000.0	8496.1	Trill	11.262348	15.203005	NaN	NaN	78.199876	0.000000
318	Spectrogram 1	1	2278.774	2279.040	4000.0	18000.0	7714.8	Trill	14.557577	23.789038	NaN	NaN	101.504551	0.000000
321	Spectrogram 1	1	2320.070	2320.370	4000.0	18000.0	7910.2	Trill	9.376943	16.149427	NaN	NaN	63.579997	0.000000
325	Spectrogram 1	2	2348.812	2349.240	4000.0	18000.0	8593.7	Trillphee	9.464987	14.977480	NaN	NaN	75.783206	0.000000
326	Spectrogram 1	1	2352.444	2354.400	4000.0	18000.0	8984.4	Phee	19.553749	40.034655	NaN	NaN	135.500756	0.000000
338	Spectrogram 1	3	2492.380	2493.160	4000.0	18000.0	8007.8	Trill	8.158398	15.210578	NaN	NaN	67.522018	0.000000
341	Spectrogram 1	2	2526.080	2527.427	4000.0	18000.0	8789.1	Trillphee	8.515475	24.833492	NaN	NaN	100.630689	0.000000
343	Spectrogram 1	1	2542.190	2542.720	4000.0	18000.0	8593.7	P-peep String	8.681151	17.481850	NaN	NaN	96.029420	0.000000
344	Spectrogram 1	1	2542.820	2543.200	4000.0	18000.0	8789.1	Phee	12.370573	23.457708	NaN	NaN	130.905627	0.000000
345	Spectrogram 1	1	2552.470	2552.640	4000.0	18000.0	8007.8	Trill	8.168904	15.034377	NaN	NaN	71.643076	0.000000
346	Spectrogram 1	1	2552.700	2553.061	4000.0	18000.0	8300.8	Phee	12.224703	23.281760	NaN	NaN	123.145801	0.000000
347	Spectrogram 1	1	2553.260	2553.450	4000.0	18000.0	8789.1	Phee	13.032827	24.780467	NaN	NaN	139.315677	0.000000
348	Spectrogram 1	1	2567.230	2567.300	4000.0	18000.0	8300.8	Trill	10.193797	16.482637	NaN	NaN	51.405006	0.000000
349	Spectrogram 1	1	2567.360	2567.410	4000.0	18000.0	8105.5	Trill	9.639859	15.638795	NaN	NaN	66.185245	0.000000
350	Spectrogram 1	1	2577.240	2577.300	4000.0	18000.0	8398.4	P-peep	9.848394	15.787195	NaN	NaN	76.467311	0.000000
351	Spectrogram 1	2	2669.640	2669.740	4000.0	18000.0	6543.0	Trill	7.634893	13.120918	NaN	NaN	54.441301	0.000000
355	Spectrogram 1	1	2706.050	2706.130	4000.0	18000.0	8691.4	Trill	13.139649	20.184977	NaN	NaN	111.641572	0.000000
356	Spectrogram 1	1	2706.210	2706.240	4000.0	18000.0	8203.1	Trill	9.681401	12.406460	NaN	NaN	61.091953	0.000000
357	Spectrogram 1	1	2706.310	2706.400	4000.0	18000.0	8691.4	Trill	12.060282	18.137520	NaN	NaN	91.941055	0.000000
360	Spectrogram 1	2	2726.793	2726.920	4000.0	18000.0	7519.5	Trill	12.765869	17.821927	NaN	NaN	78.939648	0.000000
361	Spectrogram 1	2	2730.460	2730.752	4000.0	18000.0	7812.5	Trill	11.695507	16.474791	NaN	NaN	72.510411	0.000000
362	Spectrogram 1	2	2738.370	2738.732	4000.0	18000.0	8300.8	Trillphee	9.628680	17.198066	NaN	NaN	69.809132	0.000000
368	Spectrogram 1	2	2783.140	2783.440	4000.0	18000.0	8203.1	Trill	7.123299	14.050337	NaN	NaN	72.501354	0.000000
375	Spectrogram 1	2	2848.080	2848.446	4000.0	18000.0	7519.5	Trill	15.673352	21.199181	NaN	NaN	106.380263	0.000000
383	Spectrogram 1	1	2872.190	2872.426	4000.0	18000.0	8593.7	Trill	9.722672	16.586960	NaN	NaN	67.835003	0.000000
390	Spectrogram 1	2	2929.930	2930.030	4000.0	18000.0	6738.3	Trill	9.344086	13.589670	NaN	NaN	61.408323	0.000000
391	Spectrogram 1	4	2941.041	2941.425	4000.0	18000.0	7519.5	Trill	17.325924	24.098576	NaN	NaN	127.767440	0.000000
392	Spectrogram 1	2	2943.300	2943.620	4000.0	18000.0	8398.4	Trillphee	8.017176	13.585859	NaN	NaN	72.618891	0.000000
393	Spectrogram 1	2	2968.454	2968.787	4000.0	18000.0	8203.1	Trill	16.015594	21.418754	NaN	NaN	97.878565	0.000000
394	Spectrogram 1	2	2970.970	2971.330	4000.0	18000.0	8203.1	Trillphee	11.625715	20.315082	NaN	NaN	93.399860	0.000000
395	Spectrogram 1	2	2978.390	2978.750	4000.0	18000.0	7519.5	Trillphee	10.445576	16.507531	NaN	NaN	92.677606	0.000000
396	Spectrogram 1	2	2981.680	2981.990	4000.0	18000.0	8203.1	Trillphee	11.956174	17.189792	NaN	NaN	97.651118	0.000000
397	Spectrogram 1	4	2982.550	2982.920	4000.0	18000.0	7421.9	Trill	15.384346	23.440330	NaN	NaN	82.701212	0.000000
398	Spectrogram 1	2	2988.020	2988.769	4000.0	18000.0	8691.4	Trillphee	13.226899	22.447296	NaN	NaN	112.223201	0.000000
403	Spectrogram 1	2	3033.670	3033.710	4000.0	18000.0	8984.4	Tse	7.472316	11.428141	NaN	NaN	41.439199	0.000000
404	Spectrogram 1	2	3034.570	3034.620	4000.0	18000.0	7617.2	Sd-peep	7.512580	11.299178	NaN	NaN	46.683751	0.000000
405	Spectrogram 1	4	3041.360	3041.630	4000.0	18000.0	6933.6	Trill	9.094916	15.295604	NaN	NaN	65.109748	0.000000
408	Spectrogram 1	1	3050.530	3050.612	4000.0	18000.0	8593.7	Trill	13.416073	19.043245	NaN	NaN	95.877185	0.000000
411	Spectrogram 1	2	3100.704	3100.830	4000.0	18000.0	6445.3	Trill	10.079420	14.647357	NaN	NaN	64.740960	0.000000
412	Spectrogram 1	2	3106.930	3107.273	4000.0	18000.0	7519.5	Trill	9.176667	14.233921	NaN	NaN	70.762871	0.000000
414	Spectrogram 1	2	3152.455	3152.624	4000.0	18000.0	7226.6	Trill	9.369486	14.314688	NaN	NaN	64.161868	0.000000
415	Spectrogram 1	1	3153.046	3153.327	4000.0	18000.0	8007.8	Trill	11.987209	17.439249	NaN	NaN	95.054254	0.000000
416	Spectrogram 1	2	3156.860	3157.168	4000.0	18000.0	8007.8	Trill	12.484119	16.242820	NaN	NaN	74.013552	0.000000
417	Spectrogram 1	1	3159.150	3159.280	4000.0	18000.0	8593.7	Trill	9.923544	15.174102	NaN	NaN	83.187486	0.000000
418	Spectrogram 1	1	3184.390	3186.700	4000.0	18000.0	8886.7	Phee	21.806663	41.865462	NaN	NaN	174.876534	0.000000
419	Spectrogram 1	1	3194.000	3195.150	4000.0	18000.0	8691.4	Trillphee	21.019219	33.198652	NaN	NaN	179.023081	0.000000
420	Spectrogram 1	2	3218.600	3218.851	4000.0	18000.0	6738.3	Trill	7.967029	12.775196	NaN	NaN	61.240870	0.000000
421	Spectrogram 1	1	3220.210	3220.490	4000.0	18000.0	8593.7	Trill	11.685104	16.395674	NaN	NaN	90.294813	0.000000
422	Spectrogram 1	2	3236.378	3236.533	4000.0	18000.0	7812.5	Trill	7.221854	12.745873	NaN	NaN	54.153095	0.000000
423	Spectrogram 1	2	3239.775	3240.056	4000.0	18000.0	7910.2	Trill	9.415487	16.653053	NaN	NaN	75.547284	0.000000
425	Spectrogram 1	2	3265.640	3265.991	4000.0	18000.0	7910.2	Trill	7.419117	11.090669	NaN	NaN	60.598922	0.000000
426	Spectrogram 1	1	3266.810	3266.890	4000.0	18000.0	8789.1	Trill	11.924885	17.005474	NaN	NaN	84.523757	0.000000
427	Spectrogram 1	2	3267.820	3268.108	4000.0	18000.0	6640.6	Trill	8.034186	12.932704	NaN	NaN	62.381034	0.000000
433	Spectrogram 1	2	3308.460	3308.750	4000.0	18000.0	8203.1	Trill	12.599090	18.315329	NaN	NaN	96.467559	0.000000
434	Spectrogram 1	2	3312.890	3313.320	4000.0	18000.0	8789.1	Trillphee	12.472466	21.707003	NaN	NaN	98.252374	0.000000
439	Spectrogram 1	1	3352.260	3352.340	4000.0	18000.0	8496.1	P-peep	9.098460	21.194767	NaN	NaN	102.415655	0.000000
440	Spectrogram 1	1	3352.550	3352.660	4000.0	18000.0	8984.4	P-peep	11.460942	25.087238	NaN	NaN	116.753102	0.000000
441	Spectrogram 1	1	3352.820	3352.900	4000.0	18000.0	9179.7	P-peep	11.360521	23.571109	NaN	NaN	134.594968	0.000000
442	Spectrogram 1	1	3353.100	3353.180	4000.0	18000.0	9472.7	P-peep	12.022333	24.172094	NaN	NaN	117.942173	0.000000
443	Spectrogram 1	1	3356.100	3356.180	4000.0	18000.0	8691.4	Trill	14.544580	21.907586	NaN	NaN	119.510700	0.000000
444	Spectrogram 1	1	3356.250	3356.300	4000.0	18000.0	8203.1	Trill	12.466907	19.006844	NaN	NaN	108.810592	0.000000
446	Spectrogram 1	1	3365.010	3366.340	4000.0	18000.0	8691.4	P-peep String	9.035890	24.390753	NaN	NaN	118.849342	0.000000
447	Spectrogram 1	1	3370.460	3370.810	4000.0	18000.0	8300.8	Trill	14.834239	21.047581	NaN	NaN	101.822273	0.000000
448	Spectrogram 1	2	3374.320	3374.566	4000.0	18000.0	7617.2	Trill	13.062591	17.128926	NaN	NaN	84.181848	0.000000
449	Spectrogram 1	1	3377.890	3378.014	4000.0	18000.0	8300.8	Trill	10.555200	17.506270	NaN	NaN	77.845313	0.000000
461	Spectrogram 1	1	3443.380	3443.470	4000.0	18000.0	8691.4	P-peep	9.392054	19.812472	NaN	NaN	91.149293	0.000000
465	Spectrogram 1	2	3456.280	3456.458	4000.0	18000.0	7617.2	Trill	10.835079	14.209554	NaN	NaN	83.784149	0.000000
475	Spectrogram 1	2	3508.054	3508.349	4000.0	18000.0	7617.2	Trill	7.158916	12.115163	NaN	NaN	53.274951	0.000000
483	Spectrogram 1	2	3573.367	3573.775	4000.0	18000.0	7031.2	Trill	13.712908	19.070317	NaN	NaN	94.540927	0.000000
485	Spectrogram 1	2	3623.670	3624.115	4000.0	18000.0	7226.6	Trill	15.372988	21.627916	NaN	NaN	82.327518	0.000000
486	Spectrogram 1	2	3625.950	3626.213	4000.0	18000.0	7031.2	Trill	13.646681	19.137813	NaN	NaN	97.109086	0.000000
487	Spectrogram 1	2	3634.000	3634.246	4000.0	18000.0	8203.1	Trill	13.835950	19.113255	NaN	NaN	106.723026	0.000000
488	Spectrogram 1	2	3639.270	3639.650	4000.0	18000.0	8496.1	Trillphee	21.771499	30.023380	NaN	NaN	158.354881	0.000000
489	Spectrogram 1	2	3641.630	3641.950	4000.0	18000.0	8203.1	Trillphee	13.845353	21.018086	NaN	NaN	116.638383	0.000000
491	Spectrogram 1	3	3673.950	3673.990	4000.0	18000.0	7812.5	Trill	8.984720	11.629033	NaN	NaN	54.000411	0.000000
496	Spectrogram 1	3	3744.705	3745.120	4000.0	18000.0	7617.2	Trill	11.513992	17.112382	NaN	NaN	67.913972	0.000000
497	Spectrogram 1	1	3748.310	3748.830	4000.0	18000.0	7519.5	Trill	13.172454	20.196424	NaN	NaN	99.187564	0.000000
500	Spectrogram 1	1	3768.730	3768.861	4000.0	18000.0	8007.8	Trill	10.766712	16.949808	NaN	NaN	89.243125	0.000000
502	Spectrogram 1	1	3783.550	3783.690	4000.0	18000.0	7226.6	Trill	11.403431	14.748068	NaN	NaN	64.746979	0.000000
503	Spectrogram 1	1	3783.770	3783.830	4000.0	18000.0	7519.5	Trill	8.269622	13.368788	NaN	NaN	55.125040	0.000000
504	Spectrogram 1	1	3785.310	3785.390	4000.0	18000.0	7128.9	Trill	9.801287	12.437512	NaN	NaN	67.709972	0.000000
505	Spectrogram 1	1	3794.280	3794.360	4000.0	18000.0	8496.1	Trill	11.057361	17.509894	NaN	NaN	77.955630	0.000000
506	Spectrogram 1	1	3794.480	3794.540	4000.0	18000.0	8496.1	Trill	8.745649	14.360723	NaN	NaN	81.560952	0.000000
509	Spectrogram 1	1	3823.490	3823.560	4000.0	18000.0	8886.7	P-peep	9.396130	18.919538	NaN	NaN	89.400999	0.000000
510	Spectrogram 1	1	3823.660	3823.730	4000.0	18000.0	9179.7	P-peep	7.630802	14.384365	NaN	NaN	74.164313	0.000000
511	Spectrogram 1	1	3832.360	3832.440	4000.0	18000.0	8203.1	Trill	9.759066	15.449724	NaN	NaN	73.218338	0.000000
512	Spectrogram 1	1	3832.500	3832.560	4000.0	18000.0	8007.8	Trill	9.467414	15.111782	NaN	NaN	75.962327	0.000000
514	Spectrogram 1	1	3837.000	3837.100	4000.0	18000.0	8691.4	P-peep	10.979978	19.638769	NaN	NaN	123.053193	0.000000
519	Spectrogram 1	1	3850.230	3850.660	4000.0	18000.0	7519.5	Trill	13.530697	18.658362	NaN	NaN	95.549674	0.000000
523	Spectrogram 1	4	3875.600	3875.812	4000.0	18000.0	7324.2	Trill	8.322815	12.805650	NaN	NaN	50.267806	0.000000
524	Spectrogram 1	1	3892.160	3892.290	4000.0	18000.0	7812.5	Trill	13.647812	21.450163	NaN	NaN	99.588262	0.000000
525	Spectrogram 1	1	3892.370	3892.430	4000.0	18000.0	8593.7	Phee	11.490093	16.956153	NaN	NaN	84.750654	0.000000
526	Spectrogram 1	1	3892.530	3892.630	4000.0	18000.0	8691.4	P-peep	10.702571	22.009379	NaN	NaN	100.588742	0.000000
527	Spectrogram 1	1	3892.720	3893.280	4000.0	18000.0	8886.7	P-peep String	8.694069	17.812655	NaN	NaN	89.397846	0.000000
528	Spectrogram 1	4	3895.740	3895.940	4000.0	18000.0	7617.2	Trill	9.555513	15.498504	NaN	NaN	76.044127	0.000000
530	Spectrogram 1	1	3919.630	3919.770	4000.0	18000.0	7714.8	Trill	12.704735	19.248858	NaN	NaN	92.652686	0.000000
531	Spectrogram 1	1	3919.840	3919.910	4000.0	18000.0	8105.5	Trill	11.022180	19.045070	NaN	NaN	83.388527	0.000000
532	Spectrogram 1	1	3920.240	3920.320	4000.0	18000.0	9082.0	P-peep	7.845992	19.700641	NaN	NaN	88.155434	0.000000
533	Spectrogram 1	1	3920.530	3920.770	4000.0	18000.0	9082.0	P-peep	8.271092	17.016075	NaN	NaN	88.170580	0.000000
534	Spectrogram 1	1	3920.910	3920.950	4000.0	18000.0	9668.0	Sd-peep	8.996446	14.654786	NaN	NaN	79.862351	0.000000
536	Spectrogram 1	1	3948.490	3949.020	4000.0	18000.0	7324.2	Trill	16.823812	25.444149	NaN	NaN	122.893361	0.000000
537	Spectrogram 1	1	3977.830	3978.243	4000.0	18000.0	8105.5	Trill	16.516740	20.998205	NaN	NaN	111.391703	0.000000
541	Spectrogram 1	1	3995.980	3996.080	4000.0	18000.0	9179.7	P-peep	8.290169	15.775930	NaN	NaN	86.122710	0.000000
542	Spectrogram 1	1	4012.386	4012.630	4000.0	18000.0	7128.9	Trill-Twitter	15.372763	23.710258	NaN	NaN	122.824467	0.000000
543	Spectrogram 1	1	4012.719	4012.751	4000.0	18000.0	9375.0	Twitter	11.191999	17.801946	NaN	NaN	68.584865	0.000000
544	Spectrogram 1	1	4012.845	4012.869	4000.0	18000.0	7714.8	Twitter	11.707527	19.289002	NaN	NaN	63.265440	0.000000
545	Spectrogram 1	1	4012.969	4012.997	4000.0	18000.0	7324.2	Twitter	8.047231	14.706032	NaN	NaN	51.263227	0.000000
548	Spectrogram 1	3	4056.710	4057.219	4000.0	18000.0	8886.7	Trill	14.954329	20.647586	NaN	NaN	98.607791	0.000000
550	Spectrogram 1	2	4059.060	4059.248	4000.0	18000.0	6250.0	Trill	7.701995	11.414819	NaN	NaN	55.656988	0.000000
551	Spectrogram 1	1	4068.885	4069.199	4000.0	18000.0	8496.1	Trill	14.501246	21.565128	NaN	NaN	112.134230	0.000000
554	Spectrogram 1	2	4109.930	4110.110	4000.0	18000.0	7617.2	Trill	8.954462	12.269908	NaN	NaN	58.357289	0.000000
556	Spectrogram 1	1	4156.080	4158.140	4000.0	18000.0	8691.4	Phee	21.934585	40.510117	NaN	NaN	164.929529	0.000000
559	Spectrogram 1	3	4207.500	4207.610	4000.0	18000.0	8300.8	Trill	9.079892	14.515898	NaN	NaN	55.380763	0.000000
562	Spectrogram 1	2	4236.620	4236.650	4000.0	18000.0	7031.2	Tse	7.730967	13.379869	NaN	NaN	55.294967	0.000000
564	Spectrogram 1	2	4256.860	4256.900	4000.0	18000.0	6347.7	Sd-peep	7.003114	10.906838	NaN	NaN	47.388602	0.000000
568	Spectrogram 1	2	4307.110	4307.160	4000.0	18000.0	5859.4	Tse	7.285793	11.983876	NaN	NaN	38.112290	0.000000
569	Spectrogram 1	2	4316.290	4316.546	4000.0	18000.0	6347.7	Trill	7.813230	13.089838	NaN	NaN	49.674881	0.000000
573	Spectrogram 1	2	4374.270	4374.671	4000.0	18000.0	7910.2	Trillphee	12.639863	22.059928	NaN	NaN	108.753417	0.000000
574	Spectrogram 1	2	4383.214	4383.364	4000.0	18000.0	7128.9	Trill	11.159419	16.553747	NaN	NaN	91.125429	0.000000
576	Spectrogram 1	2	4406.980	4407.224	4000.0	18000.0	7031.2	Trill	14.370416	18.798678	NaN	NaN	112.748422	0.000000
577	Spectrogram 1	2	4415.820	4416.190	4000.0	18000.0	8984.4	Trill	9.964416	20.137870	NaN	NaN	77.958170	0.000000
578	Spectrogram 1	2	4419.500	4419.908	4000.0	18000.0	7812.5	Trill	10.423604	21.909832	NaN	NaN	82.637500	0.000000
579	Spectrogram 1	2	4422.300	4422.360	4000.0	18000.0	10156.2	Tse	10.959583	24.423536	NaN	NaN	73.753084	0.000000
580	Spectrogram 1	2	4422.460	4422.513	4000.0	18000.0	8593.7	Twitter	13.258599	27.246301	NaN	NaN	57.353112	0.000000
581	Spectrogram 1	2	4422.606	4422.663	4000.0	18000.0	8398.4	Twitter	7.918510	19.001279	NaN	NaN	52.522997	0.000000
582	Spectrogram 1	2	4422.892	4422.950	4000.0	18000.0	8007.8	Twitter	12.515022	24.551385	NaN	NaN	67.027421	0.000000
583	Spectrogram 1	2	4423.030	4423.098	4000.0	18000.0	8007.8	Twitter	9.740466	20.873329	NaN	NaN	67.994360	0.000000
584	Spectrogram 1	2	4423.309	4423.375	4000.0	18000.0	6445.3	Twitter	9.227188	19.527247	NaN	NaN	80.528325	0.000000
585	Spectrogram 1	2	4423.570	4423.620	4000.0	18000.0	6640.6	Twitter	11.010492	16.701514	NaN	NaN	81.953049	0.000000
587	Spectrogram 1	2	4437.460	4437.759	4000.0	18000.0	7519.5	Trill	7.493040	12.435670	NaN	NaN	53.875755	0.000000
588	Spectrogram 1	2	4451.560	4451.840	4000.0	18000.0	8007.8	Trill	9.976552	16.555093	NaN	NaN	88.930640	0.000000
590	Spectrogram 1	2	4460.980	4461.224	4000.0	18000.0	7617.2	Trill	10.128018	15.029752	NaN	NaN	65.078660	0.000000
592	Spectrogram 1	1	4465.490	4465.640	4000.0	18000.0	8398.4	Trill	10.328734	14.305875	NaN	NaN	80.943122	0.000000
593	Spectrogram 1	1	4470.670	4470.760	4000.0	18000.0	8203.1	Trill	8.948449	13.894573	NaN	NaN	77.018832	0.000000
594	Spectrogram 1	2	4471.560	4471.830	4000.0	18000.0	7617.2	Trill	10.016803	15.012216	NaN	NaN	76.390176	0.000000
595	Spectrogram 1	2	4475.700	4476.120	4000.0	18000.0	8007.8	Phee	15.488822	26.437673	NaN	NaN	131.300287	0.000000
596	Spectrogram 1	4	4481.880	4482.170	4000.0	18000.0	7519.5	Trill	12.226569	18.202083	NaN	NaN	82.474737	0.000000
597	Spectrogram 1	2	4490.170	4490.910	4000.0	18000.0	7812.5	Phee	18.344447	32.246497	NaN	NaN	166.951511	0.000000
600	Spectrogram 1	2	105.005	105.055	6944.4	10479.8	7421.9	Trill						
601	Spectrogram 1	1	127.626	127.685	7242.1	9372.8	8496.1	Trill						
602	Spectrogram 1	3	428.165	428.733	7810.3	14344.3	9277.3	Trill						
604	Spectrogram 1	1	1706.165	1706.212	8186.3	10915.1	8789.1	Trill						
605	Spectrogram 1	1	1872.579	1872.626	6999.9	13525.2	7519.5	Trill						
608	Spectrogram 1	3	1984.169	1984.455	7118.5	13643.8	7519.5	Trill						
609	Spectrogram 1	1	2119.148	2119.170	6999.9	15660.8	7910.2	Twitter						
610	Spectrogram 1	1	2119.280	2119.307	6169.4	14830.3	7714.8	Twitter						
611	Spectrogram 1	1	2119.412	2119.440	5813.5	14830.3	7324.2	Twitter						
612	Spectrogram 1	1	2119.540	2119.570	5813.5	14474.3	7226.6	Twitter						
613	Spectrogram 1	1	2119.664	2119.699	5101.6	15542.1	7324.2	Twitter						
614	Spectrogram 1	1	2119.789	2119.825	5457.5	14948.9	7324.2	Twitter						
615	Spectrogram 1	1	2119.907	2119.942	5338.9	13169.3	8300.8	Twitter						
616	Spectrogram 1	1	2120.012	2120.044	6050.7	13406.6	8203.1	Twitter						
617	Spectrogram 1	1	2120.128	2120.149	6881.2	13406.6	8007.8	Twitter						
618	Spectrogram 1	1	2120.239	2120.252	6762.6	11745.6	8105.5	Twitter						
619	Spectrogram 1	1	2173.666	2173.687	5932.1	12457.4	7324.2	Twitter						
620	Spectrogram 1	1	2173.793	2173.821	5932.1	13050.6	7226.6	Twitter						
621	Spectrogram 1	1	2173.922	2173.959	5457.5	14474.3	7128.9	Twitter						
622	Spectrogram 1	1	2174.046	2174.086	5101.6	13050.6	7128.9	Twitter						
623	Spectrogram 1	1	2174.168	2174.205	5694.8	13762.5	7128.9	Twitter						
624	Spectrogram 1	1	2174.287	2174.324	4864.3	15660.8	7031.2	Twitter						
625	Spectrogram 1	1	2174.399	2174.442	4864.3	14237.0	7031.2	Twitter						
626	Spectrogram 1	1	2174.507	2174.547	6050.7	13287.9	7812.5	Twitter						
627	Spectrogram 1	1	2174.627	2174.648	6762.6	11982.8	7812.5	Twitter						
629	Spectrogram 1	1	2352.257	2352.407	6881.2	12457.4	8203.1	P-peep						
630	Spectrogram 1	1	2553.094	2553.183	7237.2	11982.8	8593.7	P-peep						
631	Spectrogram 1	1	2553.586	2553.623	6999.9	10203.2	9082.0	P-peep						
635	Spectrogram 1	1	3378.047	3378.080	6525.3	11745.6	7714.8	Trill						
636	Spectrogram 1	3	3673.647	3673.759	6525.3	10559.1	8007.8	Trill						
637	Spectrogram 1	3	3673.829	3673.867	6762.6	10203.2	7812.5	Trill						
638	Spectrogram 1	3	3744.583	3744.681	7237.2	12813.3	7714.8	Trill						
639	Spectrogram 1	1	3768.908	3769.030	7593.1	13406.6	8203.1	Trill						
640	Spectrogram 1	1	3846.468	3846.557	7711.7	13050.6	8203.1	Trill						
641	Spectrogram 1	1	3846.664	3846.767	7949.0	12576.1	8496.1	P-peep						
642	Spectrogram 1	1	3978.295	3978.318	6762.6	12220.1	7714.8	Trill						
643	Spectrogram 1	1	4013.096	4013.124	5813.5	13169.3	7324.2	Twitter						
644	Spectrogram 1	1	4013.215	4013.246	5813.5	14593.0	7324.2	Twitter						
645	Spectrogram 1	1	4013.332	4013.367	6288.0	13287.9	7324.2	Twitter						
646	Spectrogram 1	1	4013.447	4013.480	6288.0	13287.9	7226.6	Twitter						
647	Spectrogram 1	1	4013.557	4013.590	6999.9	13406.6	8203.1	Twitter						
648	Spectrogram 1	1	4013.674	4013.691	7118.5	11864.2	7910.2	Twitter						
650	Spectrogram 1	2	4422.747	4422.808	5457.5	14830.3	8496.1	Twitter						
651	Spectrogram 1	2	4423.173	4423.234	4745.7	13525.2	6543.0	Twitter						
652	Spectrogram 1	2	4423.445	4423.492	6169.4	12457.4	6835.9	Twitter						
653	Spectrogram 1	2	4463.856	4464.147	6525.3	10915.1	7714.8	Trill						
654	Spectrogram 1	2	242.190	242.590	4000.0	18000.0	7812.5	Phee	10.418768	19.327770	NaN	NaN	87.833740	0.000000
655	Spectrogram 1	2	266.590	267.582	4000.0	18000.0	8203.1	Phee	3.362255	10.809043	NaN	NaN	62.844859	0.000000
656	Spectrogram 1	4	278.210	279.470	4000.0	18000.0	7812.5	Phee	4.770265	18.253484	NaN	NaN	65.957458	0.000000
657	Spectrogram 1	1	558.000	559.206	4000.0	18000.0	8496.1	Phee	12.283224	27.373636	NaN	NaN	140.610341	0.000000
658	Spectrogram 1	2	784.580	786.311	4000.0	18000.0	8691.4	Phee	8.407214	33.792203	NaN	NaN	75.999270	0.000000
659	Spectrogram 1	2	786.840	787.913	4000.0	18000.0	8398.4	Phee	10.185258	37.386497	NaN	NaN	83.662878	0.000000
660	Spectrogram 1	2	1173.720	1175.726	4000.0	18000.0	9082.0	Phee	10.594892	35.021364	NaN	NaN	104.046027	0.000000
661	Spectrogram 1	1	1275.010	1276.340	4000.0	18000.0	8593.7	Phee	6.803979	20.867556	NaN	NaN	94.287348	0.000000
662	Spectrogram 1	1	1315.250	1315.940	4000.0	18000.0	8593.7	Phee	6.586920	22.886347	NaN	NaN	73.695012	0.000000
663	Spectrogram 1	2	1434.390	1435.050	4000.0	18000.0	8789.1	Phee	8.319156	16.873122	NaN	NaN	88.973807	0.000000
664	Spectrogram 1	2	1777.580	1779.434	4000.0	18000.0	8593.7	Phee	7.842619	30.285737	NaN	NaN	81.298481	0.000000
665	Spectrogram 1	1	1792.350	1793.990	4000.0	18000.0	8496.1	Phee	7.367379	27.781990	NaN	NaN	99.923044	0.000000
666	Spectrogram 1	1	1810.710	1812.970	4000.0	18000.0	8789.1	Phee	8.195135	29.934473	NaN	NaN	109.818078	0.000000
667	Spectrogram 1	4	1819.383	1820.850	4000.0	18000.0	7910.2	Phee	5.281628	25.268851	NaN	NaN	93.827787	0.000000
668	Spectrogram 1	1	1828.099	1830.710	4000.0	18000.0	8886.7	Phee	7.940950	31.142490	NaN	NaN	118.121945	0.000000
669	Spectrogram 1	1	1845.651	1847.640	4000.0	18000.0	8789.1	Phee	9.911669	31.541834	NaN	NaN	127.941293	0.000000
670	Spectrogram 1	2	1906.150	1907.520	4000.0	18000.0	7421.9	Phee	7.442150	29.687903	NaN	NaN	104.887366	0.000000
671	Spectrogram 1	1	1943.204	1945.240	4000.0	18000.0	9082.0	Phee	21.713315	40.306945	NaN	NaN	122.489287	0.000000
672	Spectrogram 1	2	1997.547	1998.040	4000.0	18000.0	8398.4	Trillphee	7.134900	13.355792	NaN	NaN	60.471800	0.000000
673	Spectrogram 1	1	2035.409	2037.200	4000.0	18000.0	8789.1	Phee	5.355570	25.284324	NaN	NaN	97.579331	0.000000
674	Spectrogram 1	2	2047.340	2049.166	4000.0	18000.0	8984.4	Phee	10.367914	36.470190	NaN	NaN	107.718218	0.000000
675	Spectrogram 1	1	2165.160	2166.750	4000.0	18000.0	8496.1	Phee	11.572887	33.219099	NaN	NaN	142.079320	0.000000
676	Spectrogram 1	2	2222.000	2222.697	4000.0	18000.0	8203.1	Trillphee	6.310670	12.915600	NaN	NaN	66.525366	0.000000
677	Spectrogram 1	1	2260.173	2260.530	4000.0	18000.0	8984.4	Phee	19.952082	38.221728	NaN	NaN	159.783782	0.000000
678	Spectrogram 1	1	2301.750	2303.670	4000.0	18000.0	8886.7	Phee	8.301149	26.810501	NaN	NaN	121.286240	0.000000
679	Spectrogram 1	1	2328.962	2330.880	4000.0	18000.0	8691.4	Phee	4.968798	24.444323	NaN	NaN	89.624704	0.000000
680	Spectrogram 1	2	2337.620	2337.980	4000.0	18000.0	8496.1	Phee	4.456088	9.054905	NaN	NaN	50.496857	0.000000
681	Spectrogram 1	1	2363.755	2365.830	4000.0	18000.0	8789.1	Phee	9.376686	31.164639	NaN	NaN	132.916569	0.000000
682	Spectrogram 1	1	2542.820	2543.200	4000.0	18000.0	8789.1	Phee	12.370573	23.457708	NaN	NaN	130.905627	0.000000
683	Spectrogram 1	1	2560.902	2561.680	4000.0	18000.0	8886.7	Phee	8.921122	23.246757	NaN	NaN	120.859182	0.000000
684	Spectrogram 1	1	2577.390	2578.650	4000.0	18000.0	8789.1	P-peep string	11.097267	27.791423	NaN	NaN	128.731321	0.000000
685	Spectrogram 1	1	2798.390	2800.260	4000.0	18000.0	8789.1	Phee	7.025307	21.336823	NaN	NaN	84.017555	0.000000
686	Spectrogram 1	2	2839.400	2840.110	4000.0	18000.0	7910.2	Phee	6.389379	16.916288	NaN	NaN	49.528056	0.000000
687	Spectrogram 1	2	2918.809	2920.110	4000.0	18000.0	8593.7	Trillphee	4.810045	11.288728	NaN	NaN	48.891666	0.000000
688	Spectrogram 1	2	2960.450	2961.300	4000.0	18000.0	8398.4	Phee	6.496887	17.672506	NaN	NaN	71.512846	0.000000
689	Spectrogram 1	1	2963.980	2964.090	4000.0	18000.0	7226.6	Phee	4.705713	15.339741	NaN	NaN	65.603587	0.000000
690	Spectrogram 1	1	2975.290	2977.480	4000.0	18000.0	8984.4	Phee	6.101041	25.099843	NaN	NaN	91.751931	0.000000
691	Spectrogram 1	1	2990.674	2992.340	4000.0	18000.0	8789.1	Phee	6.047819	24.326217	NaN	NaN	97.559248	0.000000
692	Spectrogram 1	2	2996.860	2998.070	4000.0	18000.0	7910.2	Phee	3.562185	14.546518	NaN	NaN	53.188780	0.000000
693	Spectrogram 1	1	3083.074	3084.550	4000.0	18000.0	8691.4	Phee	12.106768	32.495543	NaN	NaN	144.829384	0.000000
694	Spectrogram 1	1	3107.820	3109.880	4000.0	18000.0	8789.1	Phee	11.695074	29.676696	NaN	NaN	144.502471	0.000000
695	Spectrogram 1	1	3144.205	3145.198	4000.0	18000.0	8789.1	Phee	5.987409	22.516981	NaN	NaN	97.208943	0.000000
696	Spectrogram 1	1	3184.390	3186.700	4000.0	18000.0	8886.7	Phee	21.806663	41.865462	NaN	NaN	174.876534	0.000000
697	Spectrogram 1	1	3194.000	3195.150	4000.0	18000.0	8691.4	Trillphee	21.019219	33.198652	NaN	NaN	179.023081	0.000000
698	Spectrogram 1	1	3250.860	3252.960	4000.0	18000.0	8691.4	Phee	9.474717	28.853785	NaN	NaN	127.176717	0.000000
699	Spectrogram 1	1	3259.970	3262.150	4000.0	18000.0	8886.7	Phee	9.116099	30.136118	NaN	NaN	134.043905	0.000000
700	Spectrogram 1	1	3273.150	3274.640	4000.0	18000.0	8496.1	Phee	9.061818	27.130556	NaN	NaN	119.514101	0.000000
701	Spectrogram 1	2	3330.110	3330.400	4000.0	18000.0	8496.1	Trill	4.425615	8.700775	NaN	NaN	50.331466	0.000000
702	Spectrogram 1	1	3847.148	3847.740	4000.0	18000.0	8691.4	Phee	8.696171	19.259854	NaN	NaN	98.252949	0.000000
703	Spectrogram 1	1	3892.370	3892.430	4000.0	18000.0	8593.7	Phee	11.490093	16.956153	NaN	NaN	84.750654	0.000000
704	Spectrogram 1	1	4031.528	4033.283	4000.0	18000.0	8496.1	Phee String	5.736611	19.903958	NaN	NaN	95.400660	0.000000
705	Spectrogram 1	1	4039.568	4041.800	4000.0	18000.0	8593.7	Phee	8.815948	28.521582	NaN	NaN	126.386412	0.000000
706	Spectrogram 1	1	4084.468	4086.350	4000.0	18000.0	8886.7	Phee String	8.938892	28.233671	NaN	NaN	124.738204	0.000000
707	Spectrogram 1	1	4099.500	4101.230	4000.0	18000.0	8886.7	Phee	7.726347	21.940101	NaN	NaN	100.379537	0.000000
708	Spectrogram 1	1	4122.450	4124.500	4000.0	18000.0	8789.1	Phee	7.112663	21.325258	NaN	NaN	93.789313	0.000000
709	Spectrogram 1	1	4145.992	4147.220	4000.0	18000.0	8886.7	Phee	14.448275	30.675541	NaN	NaN	156.746284	0.000000
710	Spectrogram 1	1	4156.080	4158.140	4000.0	18000.0	8691.4	Phee	21.934585	40.510117	NaN	NaN	164.929529	0.000000
711	Spectrogram 1	1	4201.460	4203.620	4000.0	18000.0	8691.4	Phee Stinrg	7.675240	26.036577	NaN	NaN	105.626622	0.000000
712	Spectrogram 1	2	4490.170	4490.910	4000.0	18000.0	7812.5	P-peep	18.344447	32.246497	NaN	NaN	166.951511	0.000000
713	Spectrogram 1	1	280.152	280.206	9596.0	17298.0	10839.8	Twitter						
714	Spectrogram 1	1	280.277	280.312	6439.4	15909.1	8105.5	Twitter						
715	Spectrogram 1	1	280.401	280.430	5555.6	16792.9	7031.2	Twitter						
716	Spectrogram 1	1	280.523	280.555	5176.8	16414.1	7128.9	Twitter						
717	Spectrogram 1	1	280.644	280.679	5176.8	17298.0	7128.9	Twitter						
718	Spectrogram 1	1	280.772	280.810	5429.3	15782.8	7128.9	Twitter						
719	Spectrogram 1	1	280.890	280.928	4924.2	16792.9	7128.9	Twitter						
720	Spectrogram 1	1	281.008	281.043	5303.0	16792.9	6933.6	Twitter						
721	Spectrogram 1	1	281.117	281.149	5934.3	15656.6	7910.2	Twitter						
722	Spectrogram 1	1	281.225	281.257	6691.9	11742.4	7910.2	Twitter						
723	Spectrogram 1	1	559.283	559.791	7828.3	13762.6	8593.7	Phee						
724	Spectrogram 1	2	1779.466	1779.501	6565.7	10606.1	7421.9	P-peep						
725	Spectrogram 1	1	1792.106	1792.237	6565.7	12500.0	7226.6	P-peep						
726	Spectrogram 1	1	2035.301	2035.350	6691.9	12373.7	7714.8	P-peep						
727	Spectrogram 1	1	3846.899	3847.076	7954.5	14267.7	8593.7	P-peep						
728	Spectrogram 1	1	1943.065	1943.153	6531.8	12497.8	7519.5	P-peep						
729	Spectrogram 1	1	2164.772	2164.901	7242.1	11787.5	8203.1	P-peep						
730	Spectrogram 1	1	2164.966	2165.100	7242.1	14628.4	8398.4	P-peep						
731	Spectrogram 1	1	2258.885	2260.076	8094.3	13492.1	8886.7	Phee						
732	Spectrogram 1	1	2258.686	2258.806	6815.9	12497.8	8203.1	P-peep						
733	Spectrogram 1	1	2559.974	2560.043	7100.0	10651.2	8105.5	Trill						
734	Spectrogram 1	1	2560.629	2560.874	8094.3	14060.3	8789.1	Phee						
735	Spectrogram 1	1	2560.375	2560.574	8094.3	12781.8	8691.4	Phee						
736	Spectrogram 1	1	2560.172	2560.269	8094.3	11219.3	8496.1	P-peep						
737	Spectrogram 1	1	2990.425	2990.610	7100.0	12355.7	8105.5	P-peep						
738	Spectrogram 1	1	3082.617	3082.977	8520.5	8804.6	8593.7	Phee						
739	Spectrogram 1	1	3082.442	3082.511	6673.9	10225.0	7324.2	P-peep						
740	Spectrogram 1	1	3145.249	3145.378	8378.4	13208.0	8886.7	P-peep						
741	Spectrogram 1	1	3145.443	3145.558	7952.3	13208.0	8886.7	P-peep						
742	Spectrogram 1	1	3145.678	3145.743	8378.4	12071.6	8984.4	P-peep						
743	Spectrogram 1	1	3145.918	3145.965	8520.5	11929.6	8984.4	P-peep						
744	Spectrogram 1	1	3144.094	3144.182	6673.9	12923.9	7519.5	P-peep						
745	Spectrogram 1	1	4031.385	4031.450	6389.8	12497.8	8007.8	P-peep						
