Selection	View	Channel	Begin Time (s)	End Time (s)	Low Freq (Hz)	High Freq (Hz)	Max Freq (Hz)	Call Type	Energy Diff	Energy Par	Energy Diff (wl)	Energy Par (wl)	AHR	Exception
32	Spectrogram 1	1	199.990	200.050	4000.0	18000.0	8789.1	P-peep	12.112036	21.511941	NaN	NaN	159.407835	0.000000
33	Spectrogram 1	1	200.190	200.260	4000.0	18000.0	8789.1	P-peep	8.046760	18.785167	NaN	NaN	114.308827	0.000000
34	Spectrogram 1	1	200.340	200.380	4000.0	18000.0	8789.1	P-peep	7.056655	16.394666	NaN	NaN	102.685020	0.000000
35	Spectrogram 1	1	201.050	201.120	4000.0	18000.0	8984.4	P-peep	7.727164	19.168567	NaN	NaN	77.363833	0.000000
36	Spectrogram 1	1	201.210	201.280	4000.0	18000.0	8984.4	P-peep	9.857143	22.416764	NaN	NaN	86.121857	0.000000
49	Spectrogram 1	1	311.090	311.190	4000.0	18000.0	8984.4	P-peep	8.375967	13.278510	NaN	NaN	67.407088	0.000000
50	Spectrogram 1	1	311.620	311.660	4000.0	18000.0	8593.7	P-peep	9.274865	12.082822	NaN	NaN	88.694341	0.000000
57	Spectrogram 1	3	367.130	367.160	4000.0	18000.0	9375.0	P-peep	7.503190	11.018199	NaN	NaN	44.913101	0.000000
59	Spectrogram 1	3	383.420	383.470	4000.0	18000.0	9179.7	P-peep	7.178801	9.005235	NaN	NaN	49.353260	0.000000
75	Spectrogram 1	1	536.980	537.190	4000.0	18000.0	8789.1	P-peep	7.547572	13.514786	NaN	NaN	78.913704	0.000000
76	Spectrogram 1	1	537.650	537.710	4000.0	18000.0	8789.1	P-peep	10.263128	19.099660	NaN	NaN	117.627314	0.000000
77	Spectrogram 1	1	541.410	541.440	4000.0	18000.0	9375.0	P-peep	11.153521	15.098334	NaN	NaN	84.068608	0.000000
78	Spectrogram 1	1	541.950	541.980	4000.0	18000.0	8398.4	P-peep	8.892448	12.362993	NaN	NaN	75.741653	0.000000
79	Spectrogram 1	1	542.040	542.100	4000.0	18000.0	8789.1	P-peep	13.496201	20.023995	NaN	NaN	118.097932	0.000000
105	Spectrogram 1	1	714.300	714.350	4000.0	18000.0	8984.4	P-peep	10.176808	14.225186	NaN	NaN	89.387692	0.000000
108	Spectrogram 1	1	723.920	723.990	4000.0	18000.0	9179.7	P-peep	9.371041	15.761800	NaN	NaN	77.345636	0.000000
128	Spectrogram 1	1	928.000	928.070	4000.0	18000.0	8593.7	P-peep	10.567608	20.617507	NaN	NaN	124.945265	0.000000
129	Spectrogram 1	1	928.290	928.400	4000.0	18000.0	9179.7	P-peep	8.568345	18.537384	NaN	NaN	94.376933	0.000000
130	Spectrogram 1	1	928.550	928.890	4000.0	18000.0	9375.0	P-peep	10.000104	20.157581	NaN	NaN	100.439531	0.000000
131	Spectrogram 1	1	928.970	929.040	4000.0	18000.0	9570.3	P-peep	9.071733	16.972841	NaN	NaN	91.628880	0.000000
137	Spectrogram 1	1	951.120	951.320	4000.0	18000.0	8789.1	P-peep	8.599753	17.577303	NaN	NaN	107.779944	0.000000
138	Spectrogram 1	1	951.380	952.370	4000.0	18000.0	8789.1	P-peep	11.778395	25.671820	NaN	NaN	135.237035	0.000000
155	Spectrogram 1	1	1020.290	1020.330	4000.0	18000.0	8984.4	P-peep	9.392885	16.918689	NaN	NaN	100.399060	0.000000
157	Spectrogram 1	1	1029.660	1029.730	4000.0	18000.0	9570.3	P-peep	8.888345	14.491671	NaN	NaN	83.914327	0.000000
158	Spectrogram 1	1	1051.010	1051.070	4000.0	18000.0	9179.7	P-peep	7.354738	20.024663	NaN	NaN	66.117190	0.000000
160	Spectrogram 1	1	1094.620	1095.940	4000.0	18000.0	8984.4	P-peep	8.619721	19.758807	NaN	NaN	100.434453	0.000000
163	Spectrogram 1	1	1097.940	1097.970	4000.0	18000.0	8593.7	P-peep	10.068560	10.913333	NaN	NaN	70.545811	0.000000
221	Spectrogram 1	1	1561.840	1561.910	4000.0	18000.0	9570.3	P-peep	13.519531	18.935272	NaN	NaN	109.299360	0.000000
223	Spectrogram 1	1	1562.290	1562.330	4000.0	18000.0	8984.4	P-peep	9.167293	12.980662	NaN	NaN	75.836307	0.000000
285	Spectrogram 1	1	1970.440	1970.500	4000.0	18000.0	9570.3	P-peep	9.338369	12.163749	NaN	NaN	67.834897	0.000000
287	Spectrogram 1	1	1982.710	1982.790	4000.0	18000.0	9375.0	P-peep	11.091842	15.594689	NaN	NaN	80.759484	0.000000
292	Spectrogram 1	1	1988.560	1988.610	4000.0	18000.0	8789.1	P-peep	12.489808	17.317516	NaN	NaN	94.662822	0.000000
295	Spectrogram 1	1	1993.380	1993.540	4000.0	18000.0	9375.0	P-peep	8.860233	11.966158	NaN	NaN	70.372929	0.000000
296	Spectrogram 1	1	1993.880	1994.020	4000.0	18000.0	8593.7	P-peep	8.866508	12.292581	NaN	NaN	72.543132	0.000000
314	Spectrogram 1	1	2106.010	2106.060	4000.0	18000.0	8984.4	P-peep	8.983012	17.690863	NaN	NaN	95.678954	0.000000
322	Spectrogram 1	1	2130.880	2130.990	4000.0	18000.0	8789.1	P-peep	11.011855	21.032745	NaN	NaN	108.651434	0.000000
323	Spectrogram 1	1	2134.290	2134.370	4000.0	18000.0	9375.0	P-peep	12.704402	18.861925	NaN	NaN	97.319575	0.000000
324	Spectrogram 1	1	2134.520	2134.570	4000.0	18000.0	8984.4	P-peep	12.085302	20.159668	NaN	NaN	108.081499	0.000000
353	Spectrogram 1	1	2256.220	2256.270	4000.0	18000.0	9179.7	P-peep	7.034670	10.415660	NaN	NaN	55.945250	0.000000
357	Spectrogram 1	1	2349.880	2349.970	4000.0	18000.0	9570.3	P-peep	9.805199	15.999397	NaN	NaN	100.211816	0.000000
361	Spectrogram 1	1	2362.480	2362.520	4000.0	18000.0	9179.7	P-peep	9.506460	11.855358	NaN	NaN	71.571095	0.000000
362	Spectrogram 1	1	2364.270	2364.340	4000.0	18000.0	9375.0	P-peep	13.499300	17.406644	NaN	NaN	92.961738	0.000000
402	Spectrogram 1	1	2546.690	2546.750	4000.0	18000.0	9570.3	P-peep	7.748777	12.167563	NaN	NaN	57.283692	0.000000
403	Spectrogram 1	1	2546.800	2546.840	4000.0	18000.0	9375.0	P-peep	7.650366	12.465815	NaN	NaN	53.604622	0.000000
722	Spectrogram 1	1	2586.258	2586.313	7365.1	10373.4	8203.1	P-peep						
723	Spectrogram 1	1	2586.414	2586.487	7780.1	10580.9	8398.4	P-peep						
727	Spectrogram 1	1	2667.039	2667.188	6950.2	10166.0	8203.1	P-peep						
729	Spectrogram 1	1	2784.233	2784.291	7468.9	9232.4	8007.8	P-peep						
730	Spectrogram 1	1	2784.330	2784.420	8298.8	10269.7	8593.7	P-peep						
731	Spectrogram 1	1	2784.453	2784.621	8195.0	10477.2	8593.7	P-peep						
732	Spectrogram 1	1	2784.686	2784.757	8506.2	10062.2	8789.1	P-peep						
433	Spectrogram 1	1	2830.690	2830.780	4000.0	18000.0	9375.0	P-peep	9.221944	19.798661	NaN	NaN	101.382677	0.000000
434	Spectrogram 1	1	2830.910	2831.110	4000.0	18000.0	9570.3	P-peep	9.612143	18.671057	NaN	NaN	97.891611	0.000000
445	Spectrogram 1	3	2886.510	2887.430	4000.0	18000.0	8398.4	P-peep	7.184213	13.817984	NaN	NaN	74.133179	0.000000
502	Spectrogram 1	1	3295.950	3296.010	4000.0	18000.0	9375.0	P-peep	7.954189	15.513434	NaN	NaN	76.844496	0.000000
554	Spectrogram 1	1	3534.780	3534.890	4000.0	18000.0	8789.1	P-peep	7.960897	20.147982	NaN	NaN	112.663019	0.000000
555	Spectrogram 1	1	3535.030	3536.010	4000.0	18000.0	8984.4	P-peep	7.261802	17.893465	NaN	NaN	94.644787	0.000000
577	Spectrogram 1	1	3659.220	3659.320	4000.0	18000.0	9570.3	P-peep	9.170079	14.508713	NaN	NaN	68.763878	0.000000
578	Spectrogram 1	1	3660.100	3660.260	4000.0	18000.0	9179.7	P-peep	8.944729	15.058305	NaN	NaN	86.984318	0.000000
586	Spectrogram 1	1	3771.120	3771.200	4000.0	18000.0	8789.1	P-peep	9.511323	22.083357	NaN	NaN	103.986649	0.000000
593	Spectrogram 1	1	3807.390	3807.440	4000.0	18000.0	8789.1	P-peep	10.359767	17.817078	NaN	NaN	104.389185	0.000000
594	Spectrogram 1	1	3807.640	3807.730	4000.0	18000.0	8789.1	P-peep	12.732677	22.834715	NaN	NaN	130.741329	0.000000
595	Spectrogram 1	1	3807.850	3807.920	4000.0	18000.0	8984.4	P-peep	9.274903	19.140518	NaN	NaN	100.436537	0.000000
596	Spectrogram 1	1	3808.050	3808.110	4000.0	18000.0	9179.7	P-peep	11.053642	19.816142	NaN	NaN	118.268870	0.000000
617	Spectrogram 1	1	3900.280	3900.500	4000.0	18000.0	8789.1	P-peep	8.845235	16.162544	NaN	NaN	98.238233	0.000000
618	Spectrogram 1	1	3900.990	3901.060	4000.0	18000.0	8984.4	P-peep	12.911786	24.204092	NaN	NaN	145.700989	0.000000
621	Spectrogram 1	1	3906.820	3906.890	4000.0	18000.0	8789.1	P-peep	14.728660	19.132221	NaN	NaN	128.149370	0.000000
658	Spectrogram 1	3	4227.170	4227.230	4000.0	18000.0	9179.7	P-peep	7.938263	12.166996	NaN	NaN	52.901772	0.000000
660	Spectrogram 1	1	4233.260	4233.360	4000.0	18000.0	8593.7	P-peep	8.920592	13.300758	NaN	NaN	85.266743	0.000000
661	Spectrogram 1	1	4233.420	4233.480	4000.0	18000.0	8789.1	P-peep	10.456535	19.253024	NaN	NaN	99.610833	0.000000
665	Spectrogram 1	1	4289.970	4290.000	4000.0	18000.0	8593.7	P-peep	10.024076	12.416286	NaN	NaN	71.963199	0.000000
666	Spectrogram 1	1	4336.830	4336.860	4000.0	18000.0	8984.4	P-peep	9.307857	12.539853	NaN	NaN	79.377057	0.000000
685	Spectrogram 1	1	4487.510	4487.560	4000.0	18000.0	8398.4	P-peep	8.744790	11.121561	NaN	NaN	57.444423	0.000000
713	Spectrogram 1	1	421.130	423.324	4000.0	18000.0	8789.1	Phee	5.118876	15.000000	NaN	NaN	151.309380	0.000000
715	Spectrogram 1	1	1067.360	1069.810	4000.0	18000.0	8984.4	Phee	6.513144	15.000000	NaN	NaN	198.213524	0.000000
716	Spectrogram 1	4	1379.807	1382.418	4000.0	18000.0	8007.8	Phee	4.894285	15.000000	NaN	NaN	129.684766	0.000000
717	Spectrogram 1	4	1455.840	1458.090	4000.0	18000.0	7617.2	Phee	5.720216	15.000000	NaN	NaN	125.363906	0.000000
718	Spectrogram 1	2	1724.020	1725.819	4000.0	18000.0	9375.0	Phee	4.450995	15.000000	NaN	NaN	109.001475	0.000000
719	Spectrogram 1	2	1726.400	1727.507	4000.0	18000.0	8789.1	Phee	4.351574	15.000000	NaN	NaN	92.324724	0.000000
720	Spectrogram 1	4	2093.930	2096.280	4000.0	18000.0	7617.2	Phee	4.398182	15.000000	NaN	NaN	109.685876	0.000000
370	Spectrogram 1	3	2416.590	2417.220	4000.0	18000.0	9179.7	Phee	10.558016	18.791601	NaN	NaN	102.743964	0.000000
371	Spectrogram 1	3	2417.410	2417.810	4000.0	18000.0	8984.4	Phee	11.731036	19.159353	NaN	NaN	106.162103	0.000000
721	Spectrogram 1	4	2500.290	2503.070	4000.0	18000.0	7617.2	Phee	5.840890	15.000000	NaN	NaN	155.776306	0.000000
724	Spectrogram 1	1	2586.560	2588.218	4000.0	18000.0	8984.4	Phee	6.050331	15.000000	NaN	NaN	164.797709	0.000000
725	Spectrogram 1	4	2613.550	2615.572	4000.0	18000.0	7617.2	Phee	5.131811	15.000000	NaN	NaN	92.553341	0.000000
726	Spectrogram 1	4	2616.110	2617.760	4000.0	18000.0	7421.9	Phee	5.199360	15.000000	NaN	NaN	107.402418	0.000000
728	Spectrogram 1	1	2667.252	2669.354	4000.0	18000.0	8593.7	Phee	5.238206	15.000000	NaN	NaN	103.448673	0.000000
733	Spectrogram 1	1	2784.809	2786.110	4000.0	18000.0	9179.7	Phee	6.159568	15.000000	NaN	NaN	165.990848	0.000000
518	Spectrogram 1	2	3372.274	3372.770	4000.0	18000.0	8789.1	Phee	19.256384	29.835945	NaN	NaN	190.939186	0.000000
734	Spectrogram 1	2	3934.500	3936.250	4000.0	18000.0	8789.1	Phee	5.626184	15.000000	NaN	NaN	86.415279	0.000000
735	Spectrogram 1	2	3936.650	3937.760	4000.0	18000.0	8789.1	Phee	5.510703	15.000000	NaN	NaN	91.480173	0.000000
736	Spectrogram 1	4	4026.870	4029.520	4000.0	18000.0	7226.6	Phee	4.981065	15.000000	NaN	NaN	144.302191	0.000000
5	Spectrogram 1	2	13.500	13.570	4000.0	18000.0	7226.6	Sd-peep	7.360651	11.716593	NaN	NaN	55.160378	0.000000
9	Spectrogram 1	2	28.240	28.290	4000.0	18000.0	8007.8	Sd-peep	7.844411	12.957142	NaN	NaN	53.642459	0.000000
10	Spectrogram 1	2	28.420	28.470	4000.0	18000.0	8007.8	Sd-peep	7.484295	12.944140	NaN	NaN	52.762198	0.000000
11	Spectrogram 1	2	28.830	28.880	4000.0	18000.0	8007.8	Sd-peep	7.500869	12.458824	NaN	NaN	64.418343	0.000000
12	Spectrogram 1	2	29.030	29.080	4000.0	18000.0	8007.8	Sd-peep	8.254098	14.419813	NaN	NaN	59.579591	0.000000
15	Spectrogram 1	2	30.550	30.590	4000.0	18000.0	8007.8	Sd-peep	7.656178	12.385072	NaN	NaN	54.023783	0.000000
55	Spectrogram 1	2	362.390	362.490	4000.0	18000.0	9765.6	Sd-peep	7.905594	11.660281	NaN	NaN	52.082464	0.000000
150	Spectrogram 1	1	1006.730	1006.780	4000.0	18000.0	5664.1	Sd-peep	9.393940	10.853118	NaN	NaN	40.805958	0.000000
311	Spectrogram 1	1	2068.120	2068.200	4000.0	18000.0	6640.6	Sd-peep	9.313633	11.304695	NaN	NaN	37.086609	0.000000
315	Spectrogram 1	1	2125.470	2125.560	4000.0	18000.0	9179.7	Sd-peep	10.275997	15.610128	NaN	NaN	79.234599	0.000000
384	Spectrogram 1	1	2466.470	2466.550	4000.0	18000.0	9375.0	Sd-peep	8.055733	14.267383	NaN	NaN	55.827856	0.000000
404	Spectrogram 1	1	2546.960	2547.020	4000.0	18000.0	9765.6	Sd-peep	7.203097	12.737402	NaN	NaN	64.111830	0.000000
473	Spectrogram 1	2	3107.840	3107.900	4000.0	18000.0	8203.1	Sd-peep	7.300551	11.891413	NaN	NaN	48.768592	0.000000
474	Spectrogram 1	2	3108.110	3108.170	4000.0	18000.0	7031.2	Sd-peep	7.398966	11.011820	NaN	NaN	46.217647	0.000000
476	Spectrogram 1	1	3120.400	3120.480	4000.0	18000.0	9179.7	Sd-peep	9.704386	14.443335	NaN	NaN	83.200882	0.000000
478	Spectrogram 1	1	3131.800	3131.860	4000.0	18000.0	8984.4	Sd-peep	7.931586	13.336479	NaN	NaN	56.607071	0.000000
576	Spectrogram 1	1	3645.190	3645.260	4000.0	18000.0	9179.7	Sd-peep	9.325784	15.549452	NaN	NaN	65.574370	0.000000
598	Spectrogram 1	1	3814.800	3814.910	4000.0	18000.0	9765.6	Sd-peep	7.829349	13.750935	NaN	NaN	75.466788	0.000000
631	Spectrogram 1	2	4001.490	4001.773	4000.0	18000.0	8398.4	Sd-peep	12.592983	18.954657	NaN	NaN	101.438209	0.000000
16	Spectrogram 1	3	34.240	34.666	4000.0	18000.0	8593.7	Trill	12.094531	16.305377	NaN	NaN	88.285174	0.000000
18	Spectrogram 1	2	61.000	61.233	4000.0	18000.0	8007.8	Trill	8.073138	12.522107	NaN	NaN	59.848139	0.000000
21	Spectrogram 1	2	84.390	84.650	4000.0	18000.0	7421.9	Trill	12.687616	16.366706	NaN	NaN	90.345494	0.000000
22	Spectrogram 1	2	88.220	88.383	4000.0	18000.0	7617.2	Trill	11.167819	15.573668	NaN	NaN	72.603638	0.000000
23	Spectrogram 1	2	145.720	145.820	4000.0	18000.0	7617.2	Trill	11.920075	18.411624	NaN	NaN	84.566177	0.000000
29	Spectrogram 1	2	170.430	170.690	4000.0	18000.0	8203.1	Trill	10.265049	15.590438	NaN	NaN	88.470477	0.000000
30	Spectrogram 1	2	174.010	174.311	4000.0	18000.0	8007.8	Trill	10.800550	15.029446	NaN	NaN	85.258345	0.000000
37	Spectrogram 1	2	205.280	205.420	4000.0	18000.0	7031.2	Trill	7.104857	11.223772	NaN	NaN	53.106814	0.000000
44	Spectrogram 1	1	269.910	270.060	4000.0	18000.0	8593.7	Trill	17.455782	21.622451	NaN	NaN	144.914070	0.000000
45	Spectrogram 1	1	270.122	270.230	4000.0	18000.0	8789.1	Trill	10.502576	14.724657	NaN	NaN	82.837776	0.000000
47	Spectrogram 1	2	308.250	308.400	4000.0	18000.0	8203.1	Trill	11.808752	14.477694	NaN	NaN	69.428030	0.000000
51	Spectrogram 1	2	351.960	352.142	4000.0	18000.0	7617.2	Trill	9.459885	13.131666	NaN	NaN	63.535482	0.000000
52	Spectrogram 1	2	361.270	361.466	4000.0	18000.0	5859.4	Trill	9.808964	12.156528	NaN	NaN	53.106717	0.000000
56	Spectrogram 1	2	363.850	364.078	4000.0	18000.0	5468.7	Trill	11.550560	14.409032	NaN	NaN	65.224516	0.000000
61	Spectrogram 1	2	412.333	412.440	4000.0	18000.0	8007.8	Trill	7.256079	11.271582	NaN	NaN	52.335837	0.000000
68	Spectrogram 1	2	453.740	454.012	4000.0	18000.0	8203.1	Trill	10.238048	18.655487	NaN	NaN	92.108298	0.000000
70	Spectrogram 1	1	529.610	529.691	4000.0	18000.0	9375.0	Trill	7.093656	14.118057	NaN	NaN	71.036260	0.000000
693	Spectrogram 1	1	529.774	529.826	8676.7	11028.3	9179.7	Trill						
83	Spectrogram 1	2	546.530	546.881	4000.0	18000.0	7617.2	Trill	14.075539	19.666908	NaN	NaN	97.425195	0.000000
84	Spectrogram 1	2	567.530	567.740	4000.0	18000.0	7617.2	Trill	10.349743	14.504666	NaN	NaN	86.384760	0.000000
85	Spectrogram 1	2	569.570	569.790	4000.0	18000.0	7617.2	Trill	7.820239	10.749260	NaN	NaN	49.285455	0.000000
86	Spectrogram 1	2	572.000	572.310	4000.0	18000.0	7031.2	Trill	10.283431	14.587113	NaN	NaN	65.279103	0.000000
109	Spectrogram 1	4	726.060	726.574	4000.0	18000.0	7812.5	Trill	9.837661	15.959538	NaN	NaN	75.044018	0.000000
115	Spectrogram 1	2	795.860	796.148	4000.0	18000.0	7617.2	Trill	8.374172	13.230396	NaN	NaN	68.566186	0.000000
118	Spectrogram 1	3	874.160	874.760	4000.0	18000.0	8007.8	Trill	9.930216	16.768898	NaN	NaN	79.922584	0.000000
125	Spectrogram 1	2	907.950	908.182	4000.0	18000.0	7421.9	Trill	9.009046	12.220853	NaN	NaN	57.542481	0.000000
132	Spectrogram 1	2	932.280	932.398	4000.0	18000.0	8398.4	Trill	13.480023	17.877547	NaN	NaN	98.620179	0.000000
133	Spectrogram 1	2	938.690	938.780	4000.0	18000.0	7031.2	Trill	12.980076	16.805688	NaN	NaN	55.896220	0.000000
134	Spectrogram 1	2	944.540	944.790	4000.0	18000.0	7421.9	Trill	12.003649	16.466590	NaN	NaN	90.909665	0.000000
140	Spectrogram 1	2	968.100	968.371	4000.0	18000.0	7421.9	Trill	11.993947	17.862895	NaN	NaN	95.468453	0.000000
144	Spectrogram 1	2	994.560	994.850	4000.0	18000.0	8398.4	Trill	7.958818	12.728605	NaN	NaN	68.685502	0.000000
146	Spectrogram 1	2	998.185	998.516	4000.0	18000.0	7617.2	Trill	9.636791	15.163355	NaN	NaN	72.706991	0.000000
148	Spectrogram 1	2	1004.900	1004.990	4000.0	18000.0	8203.1	Trill	8.068345	13.853501	NaN	NaN	76.463994	0.000000
151	Spectrogram 1	2	1009.510	1009.774	4000.0	18000.0	7617.2	Trill	9.714456	14.731967	NaN	NaN	70.878788	0.000000
153	Spectrogram 1	2	1013.200	1013.482	4000.0	18000.0	7421.9	Trill	12.568434	16.413423	NaN	NaN	90.836168	0.000000
154	Spectrogram 1	2	1017.580	1017.650	4000.0	18000.0	7226.6	Trill	11.106555	14.946371	NaN	NaN	83.439652	0.000000
156	Spectrogram 1	4	1024.980	1025.480	4000.0	18000.0	8593.7	Trill	13.491192	21.126956	NaN	NaN	114.321466	0.000000
162	Spectrogram 1	1	1097.480	1097.580	4000.0	18000.0	8593.7	Trill	14.199060	19.036665	NaN	NaN	107.131726	0.000000
165	Spectrogram 1	4	1108.310	1108.832	4000.0	18000.0	8203.1	Trill	11.767734	20.038469	NaN	NaN	93.876564	0.000000
166	Spectrogram 1	1	1117.470	1117.580	4000.0	18000.0	9570.3	Trill	13.805434	19.943527	NaN	NaN	116.483418	0.000000
167	Spectrogram 1	2	1148.500	1148.700	4000.0	18000.0	7031.2	Trill	8.520458	12.246265	NaN	NaN	59.630163	0.000000
171	Spectrogram 1	3	1193.510	1193.600	4000.0	18000.0	7812.5	Trill	9.507915	14.246455	NaN	NaN	60.846937	0.000000
172	Spectrogram 1	3	1193.660	1193.720	4000.0	18000.0	7421.9	Trill	9.927548	12.997106	NaN	NaN	62.586281	0.000000
694	Spectrogram 1	3	1193.784	1193.845	7054.8	10541.7	7617.2	Trill						
695	Spectrogram 1	3	1193.967	1194.036	7379.2	10217.4	8007.8	Trill						
178	Spectrogram 1	1	1246.560	1246.867	4000.0	18000.0	8007.8	Trill	15.332641	20.431009	NaN	NaN	113.417019	0.000000
696	Spectrogram 1	1	1246.924	1246.976	7865.8	9163.2	8398.4	Trill						
187	Spectrogram 1	2	1285.320	1285.725	4000.0	18000.0	8398.4	Trill	7.195372	12.097520	NaN	NaN	62.901555	0.000000
189	Spectrogram 1	2	1310.859	1311.325	4000.0	18000.0	7617.2	Trill	17.666790	24.851670	NaN	NaN	155.054762	0.000000
190	Spectrogram 1	2	1313.830	1314.259	4000.0	18000.0	7617.2	Trill	16.631703	24.510301	NaN	NaN	100.850948	0.000000
193	Spectrogram 1	2	1323.990	1324.317	4000.0	18000.0	8203.1	Trill	16.902441	23.397725	NaN	NaN	149.705826	0.000000
198	Spectrogram 1	2	1330.700	1331.078	4000.0	18000.0	7421.9	Trill	15.285442	21.996124	NaN	NaN	97.224020	0.000000
199	Spectrogram 1	4	1346.970	1347.311	4000.0	18000.0	8007.8	Trill	9.803953	16.866172	NaN	NaN	77.614739	0.000000
200	Spectrogram 1	1	1369.330	1369.790	4000.0	18000.0	8007.8	Trill	14.144062	21.864764	NaN	NaN	107.254682	0.000000
201	Spectrogram 1	4	1371.400	1371.944	4000.0	18000.0	8398.4	Trill	9.465209	17.814508	NaN	NaN	72.893112	0.000000
205	Spectrogram 1	2	1406.510	1406.959	4000.0	18000.0	8789.1	Trill	17.164769	29.232691	NaN	NaN	141.207556	0.000000
208	Spectrogram 1	2	1448.630	1448.836	4000.0	18000.0	8398.4	Trill	9.869303	13.746999	NaN	NaN	79.645743	0.000000
209	Spectrogram 1	2	1450.810	1450.920	4000.0	18000.0	7617.2	Trill	11.902617	16.369585	NaN	NaN	79.774047	0.000000
210	Spectrogram 1	2	1453.320	1453.400	4000.0	18000.0	8203.1	Trill	12.049980	15.700310	NaN	NaN	83.107442	0.000000
211	Spectrogram 1	1	1462.160	1462.400	4000.0	18000.0	8789.1	Trill	7.965459	14.200483	NaN	NaN	55.871244	0.000000
213	Spectrogram 1	2	1487.610	1487.808	4000.0	18000.0	8203.1	Trill	11.420259	18.047013	NaN	NaN	66.793144	0.000000
214	Spectrogram 1	2	1491.690	1491.914	4000.0	18000.0	7226.6	Trill	12.071330	16.957303	NaN	NaN	89.701907	0.000000
215	Spectrogram 1	4	1500.010	1500.523	4000.0	18000.0	8398.4	Trill	10.019578	18.911297	NaN	NaN	82.855820	0.000000
216	Spectrogram 1	2	1502.781	1503.073	4000.0	18000.0	8203.1	Trill	13.972181	18.529342	NaN	NaN	116.727314	0.000000
698	Spectrogram 1	2	1615.250	1615.555	5919.6	7865.8	7031.2	Trill						
232	Spectrogram 1	2	1627.810	1627.904	4000.0	18000.0	7617.2	Trill	7.920979	12.271778	NaN	NaN	62.465966	0.000000
233	Spectrogram 1	2	1640.960	1641.101	4000.0	18000.0	8398.4	Trill	16.308258	23.029715	NaN	NaN	127.026074	0.000000
234	Spectrogram 1	2	1641.140	1641.249	4000.0	18000.0	8398.4	Trill	17.777983	23.710670	NaN	NaN	157.088951	0.000000
237	Spectrogram 1	2	1669.780	1670.044	4000.0	18000.0	7812.5	Trill	9.064744	12.677147	NaN	NaN	74.097247	0.000000
238	Spectrogram 1	2	1670.840	1671.176	4000.0	18000.0	7812.5	Trill	8.628528	12.587984	NaN	NaN	66.866457	0.000000
242	Spectrogram 1	2	1688.480	1688.859	4000.0	18000.0	7617.2	Trill	16.647104	21.600292	NaN	NaN	137.730618	0.000000
244	Spectrogram 1	2	1692.960	1693.281	4000.0	18000.0	8203.1	Trill	11.598364	16.974449	NaN	NaN	100.098214	0.000000
248	Spectrogram 1	2	1718.650	1718.882	4000.0	18000.0	7812.5	Trill	7.823237	12.887306	NaN	NaN	62.956752	0.000000
254	Spectrogram 1	2	1756.830	1756.948	4000.0	18000.0	8398.4	Trill	7.529086	13.164526	NaN	NaN	70.458187	0.000000
255	Spectrogram 1	1	1759.690	1759.760	4000.0	18000.0	8984.4	Trill	9.430798	12.683681	NaN	NaN	69.204213	0.000000
256	Spectrogram 1	2	1773.280	1773.657	4000.0	18000.0	7031.2	Trill	7.135052	10.721658	NaN	NaN	47.798082	0.000000
258	Spectrogram 1	2	1778.550	1778.822	4000.0	18000.0	7812.5	Trill	7.730524	11.172239	NaN	NaN	61.962111	0.000000
264	Spectrogram 1	2	1808.290	1808.500	4000.0	18000.0	7812.5	Trill	7.916415	13.466937	NaN	NaN	75.796708	0.000000
266	Spectrogram 1	2	1836.240	1836.593	4000.0	18000.0	8398.4	Trill	8.008277	14.253200	NaN	NaN	81.135379	0.000000
267	Spectrogram 1	2	1853.297	1853.588	4000.0	18000.0	7812.5	Trill	12.267828	18.454074	NaN	NaN	103.320811	0.000000
268	Spectrogram 1	2	1862.000	1862.285	4000.0	18000.0	7812.5	Trill	13.431498	18.313794	NaN	NaN	98.264585	0.000000
270	Spectrogram 1	2	1873.910	1874.207	4000.0	18000.0	8203.1	Trill	15.418022	21.751142	NaN	NaN	141.717818	0.000000
276	Spectrogram 1	2	1932.540	1932.838	4000.0	18000.0	7617.2	Trill	8.091476	13.324092	NaN	NaN	65.295243	0.000000
277	Spectrogram 1	2	1934.920	1935.155	4000.0	18000.0	8203.1	Trill	9.897222	15.606717	NaN	NaN	86.957726	0.000000
278	Spectrogram 1	2	1938.060	1938.326	4000.0	18000.0	7421.9	Trill	12.201049	18.186842	NaN	NaN	84.766570	0.000000
279	Spectrogram 1	2	1950.370	1950.490	4000.0	18000.0	7226.6	Trill	9.578461	12.560334	NaN	NaN	77.230888	0.000000
280	Spectrogram 1	2	1958.270	1958.481	4000.0	18000.0	8007.8	Trill	8.902048	13.282413	NaN	NaN	51.819217	0.000000
281	Spectrogram 1	1	1961.829	1962.068	4000.0	18000.0	7617.2	Trill	8.218864	12.256471	NaN	NaN	62.066901	0.000000
298	Spectrogram 1	2	2015.970	2016.170	4000.0	18000.0	7617.2	Trill	9.015829	13.571091	NaN	NaN	65.205680	0.000000
299	Spectrogram 1	3	2016.850	2017.587	4000.0	18000.0	7421.9	Trill	7.771647	12.011519	NaN	NaN	56.640037	0.000000
303	Spectrogram 1	4	2039.381	2039.777	4000.0	18000.0	7617.2	Trill	8.994959	14.666525	NaN	NaN	69.952285	0.000000
310	Spectrogram 1	4	2055.630	2056.123	4000.0	18000.0	7031.2	Trill	7.993933	13.531877	NaN	NaN	74.079470	0.000000
318	Spectrogram 1	1	2127.410	2127.940	4000.0	18000.0	8984.4	Trill	11.281378	20.915406	NaN	NaN	100.441899	0.000000
320	Spectrogram 1	1	2129.700	2130.064	4000.0	18000.0	9179.7	Trill	8.441208	18.623981	NaN	NaN	63.810409	0.000000
327	Spectrogram 1	2	2137.670	2137.947	4000.0	18000.0	8007.8	Trill	7.919573	13.608503	NaN	NaN	68.265101	0.000000
333	Spectrogram 1	2	2183.100	2183.357	4000.0	18000.0	7812.5	Trill	12.231954	18.259666	NaN	NaN	86.522690	0.000000
334	Spectrogram 1	2	2186.010	2186.200	4000.0	18000.0	6835.9	Trill	12.803504	15.406029	NaN	NaN	86.461729	0.000000
335	Spectrogram 1	3	2187.980	2188.380	4000.0	18000.0	8398.4	Trill	10.380459	15.753383	NaN	NaN	74.699998	0.000000
342	Spectrogram 1	2	2238.410	2238.718	4000.0	18000.0	7421.9	Trill	10.967966	16.167097	NaN	NaN	79.911348	0.000000
344	Spectrogram 1	2	2243.730	2244.062	4000.0	18000.0	7421.9	Trill	11.963099	15.491103	NaN	NaN	79.360727	0.000000
356	Spectrogram 1	2	2343.810	2343.900	4000.0	18000.0	7812.5	Trill	9.377536	14.558952	NaN	NaN	61.855822	0.000000
358	Spectrogram 1	2	2350.210	2350.320	4000.0	18000.0	6640.6	Trill	9.146047	12.982477	NaN	NaN	66.419793	0.000000
359	Spectrogram 1	1	2351.498	2351.600	4000.0	18000.0	8984.4	Trill	7.586321	14.841992	NaN	NaN	82.116663	0.000000
360	Spectrogram 1	4	2358.550	2359.026	4000.0	18000.0	7617.2	Trill	8.459205	14.132856	NaN	NaN	66.196720	0.000000
366	Spectrogram 1	2	2392.445	2392.967	4000.0	18000.0	7421.9	Trill	12.016377	18.840215	NaN	NaN	93.393107	0.000000
368	Spectrogram 1	2	2414.140	2414.518	4000.0	18000.0	7617.2	Trill	12.495053	19.828081	NaN	NaN	90.640651	0.000000
369	Spectrogram 1	3	2415.770	2416.450	4000.0	18000.0	7812.5	Trill	10.692267	16.524576	NaN	NaN	88.756498	0.000000
378	Spectrogram 1	2	2426.800	2427.080	4000.0	18000.0	7421.9	Trill	7.253611	13.113474	NaN	NaN	57.334805	0.000000
379	Spectrogram 1	3	2431.440	2431.540	4000.0	18000.0	7226.6	Trill	12.495265	18.283899	NaN	NaN	102.451400	0.000000
380	Spectrogram 1	3	2431.600	2431.650	4000.0	18000.0	7031.2	Trill	11.625120	15.105591	NaN	NaN	95.023974	0.000000
382	Spectrogram 1	2	2454.850	2454.987	4000.0	18000.0	7617.2	Trill	13.129617	21.306295	NaN	NaN	116.857765	0.000000
383	Spectrogram 1	2	2462.690	2462.770	4000.0	18000.0	7421.9	Trill	11.388626	14.990824	NaN	NaN	63.350144	0.000000
385	Spectrogram 1	3	2473.600	2474.400	4000.0	18000.0	8398.4	Trill	9.653143	14.694925	NaN	NaN	80.485851	0.000000
386	Spectrogram 1	3	2474.570	2474.950	4000.0	18000.0	8593.7	Trill	9.375907	16.997088	NaN	NaN	104.155749	0.000000
396	Spectrogram 1	2	2493.380	2493.570	4000.0	18000.0	8203.1	Trill	7.866648	11.139721	NaN	NaN	71.150322	0.000000
397	Spectrogram 1	2	2515.810	2515.920	4000.0	18000.0	7421.9	Trill	10.319242	13.646716	NaN	NaN	66.026489	0.000000
398	Spectrogram 1	2	2536.754	2536.941	4000.0	18000.0	7617.2	Trill	11.088208	15.298930	NaN	NaN	77.773477	0.000000
399	Spectrogram 1	2	2543.370	2543.670	4000.0	18000.0	8007.8	Trill	10.300317	18.247455	NaN	NaN	88.859594	0.000000
400	Spectrogram 1	3	2544.280	2544.694	4000.0	18000.0	8984.4	Trill	8.831689	14.424762	NaN	NaN	60.602183	0.000000
401	Spectrogram 1	2	2545.900	2546.310	4000.0	18000.0	7226.6	Trill	14.032290	18.706592	NaN	NaN	77.980303	0.000000
405	Spectrogram 1	2	2551.540	2551.940	4000.0	18000.0	6835.9	Trill	10.797273	13.539901	NaN	NaN	73.520336	0.000000
408	Spectrogram 1	2	2563.320	2563.702	4000.0	18000.0	7421.9	Trill	11.851523	15.639582	NaN	NaN	71.492364	0.000000
409	Spectrogram 1	2	2569.409	2569.560	4000.0	18000.0	6445.3	Trill	11.354688	13.394985	NaN	NaN	68.210938	0.000000
410	Spectrogram 1	2	2578.480	2578.610	4000.0	18000.0	6835.9	Trill	12.420425	16.272759	NaN	NaN	82.616175	0.000000
411	Spectrogram 1	2	2581.800	2581.980	4000.0	18000.0	6835.9	Trill	12.665160	16.159532	NaN	NaN	75.311657	0.000000
412	Spectrogram 1	2	2590.830	2590.892	4000.0	18000.0	6835.9	Trill	10.053895	12.204857	NaN	NaN	71.708049	0.000000
419	Spectrogram 1	2	2695.990	2696.352	4000.0	18000.0	7031.2	Trill	8.950432	15.888097	NaN	NaN	69.271980	0.000000
423	Spectrogram 1	2	2767.900	2768.223	4000.0	18000.0	8203.1	Trill	8.737189	14.155437	NaN	NaN	72.366272	0.000000
424	Spectrogram 1	2	2773.650	2773.920	4000.0	18000.0	7617.2	Trill	9.773250	14.965870	NaN	NaN	73.074191	0.000000
426	Spectrogram 1	2	2791.730	2791.872	4000.0	18000.0	7617.2	Trill	9.725540	15.395391	NaN	NaN	57.804501	0.000000
430	Spectrogram 1	2	2824.875	2825.180	4000.0	18000.0	7617.2	Trill	14.896215	19.848027	NaN	NaN	97.702078	0.000000
435	Spectrogram 1	2	2835.730	2836.008	4000.0	18000.0	8203.1	Trill	7.597914	11.487519	NaN	NaN	62.280552	0.000000
436	Spectrogram 1	2	2838.270	2838.431	4000.0	18000.0	8203.1	Trill	9.164051	13.109402	NaN	NaN	67.080446	0.000000
437	Spectrogram 1	2	2840.360	2840.659	4000.0	18000.0	7031.2	Trill	8.725461	11.958000	NaN	NaN	64.995567	0.000000
441	Spectrogram 1	2	2866.180	2866.419	4000.0	18000.0	8398.4	Trill	13.563306	17.968355	NaN	NaN	94.011419	0.000000
444	Spectrogram 1	2	2884.500	2884.613	4000.0	18000.0	7617.2	Trill	12.454955	17.698916	NaN	NaN	105.196308	0.000000
446	Spectrogram 1	2	2891.370	2891.595	4000.0	18000.0	7031.2	Trill	11.180212	14.244785	NaN	NaN	74.484252	0.000000
447	Spectrogram 1	3	2900.220	2900.710	4000.0	18000.0	7617.2	Trill	12.356277	18.068468	NaN	NaN	95.601177	0.000000
448	Spectrogram 1	2	2907.860	2908.122	4000.0	18000.0	7421.9	Trill	12.198105	18.959640	NaN	NaN	89.316657	0.000000
452	Spectrogram 1	2	2980.700	2981.010	4000.0	18000.0	8203.1	Trill	8.781610	14.772911	NaN	NaN	78.093014	0.000000
453	Spectrogram 1	2	2990.718	2990.953	4000.0	18000.0	8203.1	Trill	10.399530	15.631717	NaN	NaN	91.839508	0.000000
455	Spectrogram 1	2	3013.540	3013.653	4000.0	18000.0	8007.8	Trill	12.226785	17.394494	NaN	NaN	95.892646	0.000000
467	Spectrogram 1	2	3052.140	3052.389	4000.0	18000.0	6835.9	Trill	7.867581	12.033596	NaN	NaN	61.766011	0.000000
468	Spectrogram 1	2	3054.230	3054.440	4000.0	18000.0	7226.6	Trill	8.740921	12.694229	NaN	NaN	58.558892	0.000000
479	Spectrogram 1	2	3140.029	3140.130	4000.0	18000.0	7617.2	Trill	8.001150	13.188407	NaN	NaN	72.457363	0.000000
480	Spectrogram 1	2	3142.070	3142.280	4000.0	18000.0	6640.6	Trill	8.738993	11.662917	NaN	NaN	54.007796	0.000000
481	Spectrogram 1	2	3163.774	3163.978	4000.0	18000.0	7812.5	Trill	7.250931	12.223098	NaN	NaN	55.290454	0.000000
483	Spectrogram 1	2	3180.580	3180.836	4000.0	18000.0	8398.4	Trill	12.022558	15.757158	NaN	NaN	72.697586	0.000000
484	Spectrogram 1	2	3195.498	3195.794	4000.0	18000.0	7812.5	Trill	12.151516	17.640006	NaN	NaN	103.222316	0.000000
497	Spectrogram 1	2	3229.710	3229.837	4000.0	18000.0	7617.2	Trill	9.483442	11.894240	NaN	NaN	55.684458	0.000000
498	Spectrogram 1	2	3247.280	3247.426	4000.0	18000.0	8398.4	Trill	15.266839	20.517528	NaN	NaN	123.269685	0.000000
510	Spectrogram 1	2	3326.818	3327.100	4000.0	18000.0	7421.9	Trill	9.999151	17.588712	NaN	NaN	81.317211	0.000000
512	Spectrogram 1	2	3339.900	3340.285	4000.0	18000.0	7421.9	Trill	7.490309	14.000128	NaN	NaN	64.399715	0.000000
514	Spectrogram 1	2	3347.780	3347.925	4000.0	18000.0	7031.2	Trill	10.765193	14.887174	NaN	NaN	74.216970	0.000000
515	Spectrogram 1	1	3361.720	3362.770	4000.0	18000.0	9375.0	Trill	14.115698	22.583558	NaN	NaN	132.459466	0.000000
516	Spectrogram 1	2	3365.566	3365.770	4000.0	18000.0	7031.2	Trill	14.282205	18.959021	NaN	NaN	109.485447	0.000000
709	Spectrogram 1	2	3372.132	3372.237	7676.3	9024.9	8398.4	Trill						
520	Spectrogram 1	4	3375.150	3375.530	4000.0	18000.0	7226.6	Trill	10.228998	15.141236	NaN	NaN	72.578884	0.000000
521	Spectrogram 1	2	3376.740	3377.067	4000.0	18000.0	7031.2	Trill	15.136241	21.473338	NaN	NaN	114.853831	0.000000
522	Spectrogram 1	1	3383.800	3383.950	4000.0	18000.0	8398.4	Trill	17.625763	23.404194	NaN	NaN	113.419766	0.000000
523	Spectrogram 1	1	3384.020	3384.080	4000.0	18000.0	7421.9	Trill	15.389924	19.354168	NaN	NaN	105.532628	0.000000
524	Spectrogram 1	3	3388.460	3388.860	4000.0	18000.0	8007.8	Trill	11.559414	14.667956	NaN	NaN	83.007581	0.000000
537	Spectrogram 1	2	3437.340	3437.430	4000.0	18000.0	7421.9	Trill	9.348355	14.321829	NaN	NaN	69.482611	0.000000
538	Spectrogram 1	3	3444.230	3444.370	4000.0	18000.0	8203.1	Trill	13.188904	18.553659	NaN	NaN	90.065472	0.000000
539	Spectrogram 1	2	3449.000	3449.323	4000.0	18000.0	8203.1	Trill	11.200729	16.240383	NaN	NaN	81.427720	0.000000
540	Spectrogram 1	2	3458.590	3458.893	4000.0	18000.0	7421.9	Trill	9.472733	14.993885	NaN	NaN	81.206277	0.000000
541	Spectrogram 1	2	3460.550	3460.721	4000.0	18000.0	6640.6	Trill	10.576545	14.544813	NaN	NaN	72.466481	0.000000
542	Spectrogram 1	2	3461.900	3462.380	4000.0	18000.0	6640.6	Trill	7.602118	12.125567	NaN	NaN	53.174200	0.000000
547	Spectrogram 1	2	3495.350	3495.645	4000.0	18000.0	7421.9	Trill	9.937101	13.924071	NaN	NaN	74.812726	0.000000
548	Spectrogram 1	2	3502.750	3502.980	4000.0	18000.0	7421.9	Trill	7.279274	10.966584	NaN	NaN	49.703192	0.000000
566	Spectrogram 1	2	3577.488	3577.719	4000.0	18000.0	7617.2	Trill	10.382881	16.603323	NaN	NaN	79.341259	0.000000
567	Spectrogram 1	2	3585.020	3585.160	4000.0	18000.0	7421.9	Trill	10.474394	14.350154	NaN	NaN	73.840944	0.000000
568	Spectrogram 1	2	3590.777	3591.094	4000.0	18000.0	7812.5	Trill	9.543901	16.857292	NaN	NaN	85.166212	0.000000
569	Spectrogram 1	2	3603.070	3603.285	4000.0	18000.0	7226.6	Trill	14.693486	20.318896	NaN	NaN	115.467578	0.000000
570	Spectrogram 1	2	3609.940	3610.020	4000.0	18000.0	6640.6	Trill	12.532404	15.677523	NaN	NaN	65.255748	0.000000
583	Spectrogram 1	2	3708.720	3708.846	4000.0	18000.0	7421.9	Trill	7.040192	13.534355	NaN	NaN	63.626889	0.000000
584	Spectrogram 1	2	3731.097	3731.245	4000.0	18000.0	7812.5	Trill	7.733349	14.474786	NaN	NaN	60.703435	0.000000
604	Spectrogram 1	2	3838.160	3838.400	4000.0	18000.0	7617.2	Trill	8.025684	14.825079	NaN	NaN	59.334884	0.000000
615	Spectrogram 1	2	3899.120	3899.440	4000.0	18000.0	8593.7	Trill	9.825182	15.468565	NaN	NaN	79.483925	0.000000
623	Spectrogram 1	2	3911.740	3911.900	4000.0	18000.0	8398.4	Trill	14.450210	17.994314	NaN	NaN	90.196776	0.000000
629	Spectrogram 1	1	3927.530	3927.610	4000.0	18000.0	9179.7	Trill	10.858489	16.839220	NaN	NaN	87.775067	0.000000
630	Spectrogram 1	2	3930.830	3931.110	4000.0	18000.0	8593.7	Trill	9.624837	17.100547	NaN	NaN	86.071242	0.000000
632	Spectrogram 1	2	4012.020	4012.232	4000.0	18000.0	8007.8	Trill	10.658741	14.744770	NaN	NaN	85.969740	0.000000
633	Spectrogram 1	2	4021.260	4021.553	4000.0	18000.0	8398.4	Trill	8.518325	13.265061	NaN	NaN	64.180914	0.000000
636	Spectrogram 1	1	4086.690	4086.970	4000.0	18000.0	7421.9	Trill	10.834265	17.388625	NaN	NaN	92.286639	0.000000
704	Spectrogram 1	1	4087.027	4087.083	7622.5	10622.8	8789.1	Trill						
637	Spectrogram 1	2	4115.000	4115.262	4000.0	18000.0	8007.8	Trill	10.840041	15.232004	NaN	NaN	75.307451	0.000000
638	Spectrogram 1	2	4117.100	4117.346	4000.0	18000.0	7617.2	Trill	9.577006	13.782647	NaN	NaN	69.288386	0.000000
642	Spectrogram 1	2	4127.200	4127.390	4000.0	18000.0	7421.9	Trill	14.733943	18.590856	NaN	NaN	89.515903	0.000000
643	Spectrogram 1	2	4131.750	4132.049	4000.0	18000.0	7226.6	Trill	10.732711	16.220618	NaN	NaN	90.622096	0.000000
662	Spectrogram 1	1	4234.990	4235.080	4000.0	18000.0	8789.1	Trill	10.284103	13.757499	NaN	NaN	79.374877	0.000000
667	Spectrogram 1	4	4343.810	4344.279	4000.0	18000.0	8203.1	Trill	9.595110	16.794810	NaN	NaN	85.222259	0.000000
668	Spectrogram 1	3	4352.800	4353.310	4000.0	18000.0	8203.1	Trill	15.636324	17.517517	NaN	NaN	99.096456	0.000000
692	Spectrogram 1	4	4509.210	4509.828	4000.0	18000.0	8007.8	Trill	10.227846	16.645631	NaN	NaN	81.455469	0.000000
486	Spectrogram 1	2	3200.790	3200.930	4000.0	18000.0	10351.6	Trill-Twitter	10.596355	18.609751	NaN	NaN	84.897019	0.000000
714	Spectrogram 1	2	1011.060	1011.510	4000.0	18000.0	8593.7	Trillphee	9.923689	15.000000	NaN	NaN	126.926380	0.000000
212	Spectrogram 1	2	1480.381	1480.799	4000.0	18000.0	8789.1	Trillphee	9.503536	20.055076	NaN	NaN	76.888496	0.000000
218	Spectrogram 1	2	1524.340	1525.810	4000.0	18000.0	8593.7	Trillphee	17.371251	31.139461	NaN	NaN	173.945196	0.000000
449	Spectrogram 1	2	2914.760	2915.359	4000.0	18000.0	8789.1	Trillphee	18.325646	30.287151	NaN	NaN	192.504235	0.000000
609	Spectrogram 1	2	3868.610	3870.210	4000.0	18000.0	8593.7	Trillphee	7.929844	24.623450	NaN	NaN	110.864152	0.000000
4	Spectrogram 1	2	13.190	13.230	4000.0	18000.0	8398.4	Tse	9.762271	14.560827	NaN	NaN	57.072009	0.000000
6	Spectrogram 1	2	25.200	25.230	4000.0	18000.0	8007.8	Tse	9.237965	16.900529	NaN	NaN	59.535133	0.000000
7	Spectrogram 1	2	27.620	27.680	4000.0	18000.0	8203.1	Tse	8.690806	12.686162	NaN	NaN	49.387662	0.000000
8	Spectrogram 1	2	28.070	28.120	4000.0	18000.0	8007.8	Tse	8.562696	11.533812	NaN	NaN	47.452980	0.000000
13	Spectrogram 1	2	29.710	29.740	4000.0	18000.0	8007.8	Tse	7.964409	11.430372	NaN	NaN	41.915754	0.000000
14	Spectrogram 1	2	30.190	30.230	4000.0	18000.0	8007.8	Tse	7.223939	11.727942	NaN	NaN	55.904092	0.000000
48	Spectrogram 1	1	308.890	308.950	4000.0	18000.0	9179.7	Tse	14.414693	19.545302	NaN	NaN	109.623174	0.000000
53	Spectrogram 1	2	361.750	361.790	4000.0	18000.0	9765.6	Tse	13.282427	19.713348	NaN	NaN	83.869398	0.000000
54	Spectrogram 1	2	362.180	362.240	4000.0	18000.0	9960.9	Tse	11.394989	16.761187	NaN	NaN	75.799703	0.000000
159	Spectrogram 1	1	1081.010	1081.080	4000.0	18000.0	9570.3	Tse	12.135795	17.795877	NaN	NaN	109.548754	0.000000
188	Spectrogram 1	2	1304.910	1305.270	4000.0	18000.0	8398.4	Tse	17.444940	27.630377	NaN	NaN	139.942365	0.000000
206	Spectrogram 1	2	1414.860	1415.370	4000.0	18000.0	8984.4	Tse	18.118372	28.448421	NaN	NaN	154.556303	0.000000
300	Spectrogram 1	1	2021.620	2021.680	4000.0	18000.0	9570.3	Tse	9.245287	19.268946	NaN	NaN	87.572933	0.000000
347	Spectrogram 1	2	2245.710	2245.760	4000.0	18000.0	9960.9	Tse	12.357336	22.159735	NaN	NaN	76.117335	0.000000
364	Spectrogram 1	2	2378.680	2378.720	4000.0	18000.0	17187.5	Tse	9.104866	21.332776	NaN	NaN	61.951989	0.000000
365	Spectrogram 1	4	2390.800	2390.860	4000.0	18000.0	11328.1	Tse	10.273811	22.678389	NaN	NaN	78.141326	0.000000
472	Spectrogram 1	2	3107.620	3107.670	4000.0	18000.0	10156.2	Tse	9.360520	15.032309	NaN	NaN	60.624175	0.000000
475	Spectrogram 1	2	3119.200	3119.240	4000.0	18000.0	9179.7	Tse	8.926437	14.350940	NaN	NaN	62.039767	0.000000
573	Spectrogram 1	1	3625.230	3625.270	4000.0	18000.0	9179.7	Tse	11.495733	16.509065	NaN	NaN	74.361808	0.000000
644	Spectrogram 1	1	4139.800	4139.870	4000.0	18000.0	9179.7	Tse	16.007066	20.718360	NaN	NaN	130.844243	0.000000
649	Spectrogram 1	2	4176.470	4176.660	4000.0	18000.0	11328.1	Trill-twitter	15.544169	26.940744	NaN	NaN	128.747886	0.000000
679	Spectrogram 1	1	4472.210	4472.280	4000.0	18000.0	8984.4	Tse	14.365294	21.912745	NaN	NaN	126.300152	0.000000
346	Spectrogram 1	2	2245.560	2245.600	4000.0	18000.0	11328.1	Twitter	11.309885	22.187394	NaN	NaN	74.731561	0.000000
348	Spectrogram 1	2	2245.870	2245.910	4000.0	18000.0	8984.4	Twitter	14.733164	25.258155	NaN	NaN	73.014183	0.000000
349	Spectrogram 1	2	2246.000	2246.066	4000.0	18000.0	8984.4	Twitter	8.089954	17.493927	NaN	NaN	53.437719	0.000000
701	Spectrogram 1	2	2246.140	2246.201	5919.6	14596.2	6640.6	Twitter						
350	Spectrogram 1	2	2246.270	2246.334	4000.0	18000.0	6640.6	Twitter	7.534464	17.108362	NaN	NaN	59.269916	0.000000
711	Spectrogram 1	2	2246.418	2246.480	5601.7	13796.7	6445.3	Twitter						
712	Spectrogram 1	2	2246.554	2246.612	5912.9	12759.3	6445.3	Twitter						
351	Spectrogram 1	2	2246.670	2246.730	4000.0	18000.0	7421.9	Twitter	11.881556	19.747336	NaN	NaN	92.332178	0.000000
352	Spectrogram 1	2	2246.800	2246.850	4000.0	18000.0	8398.4	Twitter	8.757321	12.876774	NaN	NaN	58.115094	0.000000
487	Spectrogram 1	2	3201.040	3201.080	4000.0	18000.0	10546.9	Twitter	8.477859	14.995952	NaN	NaN	71.579709	0.000000
488	Spectrogram 1	2	3201.190	3201.240	4000.0	18000.0	9179.7	Twitter	9.913108	23.163729	NaN	NaN	82.378630	0.000000
489	Spectrogram 1	2	3201.330	3201.380	4000.0	18000.0	6835.9	Twitter	12.421839	24.918826	NaN	NaN	88.709685	0.000000
490	Spectrogram 1	2	3201.470	3201.530	4000.0	18000.0	6835.9	Twitter	10.454216	23.121171	NaN	NaN	70.717379	0.000000
491	Spectrogram 1	2	3201.600	3201.670	4000.0	18000.0	6445.3	Twitter	9.754187	21.953706	NaN	NaN	68.642898	0.000000
492	Spectrogram 1	2	3201.740	3201.810	4000.0	18000.0	6445.3	Twitter	9.817603	21.299453	NaN	NaN	75.176514	0.000000
493	Spectrogram 1	2	3201.880	3201.940	4000.0	18000.0	6445.3	Twitter	12.030157	23.422093	NaN	NaN	91.691001	0.000000
494	Spectrogram 1	2	3202.010	3202.070	4000.0	18000.0	6250.0	Twitter	10.872820	19.735297	NaN	NaN	84.616987	0.000000
495	Spectrogram 1	2	3202.170	3202.200	4000.0	18000.0	7617.2	Twitter	7.092818	11.595838	NaN	NaN	59.555739	0.000000
650	Spectrogram 1	2	4176.760	4176.810	4000.0	18000.0	9570.3	Twitter	12.038264	26.524615	NaN	NaN	88.129911	0.000000
651	Spectrogram 1	2	4176.920	4176.972	4000.0	18000.0	9570.3	Twitter	7.042970	20.037891	NaN	NaN	55.172697	0.000000
705	Spectrogram 1	2	4177.064	4177.125	6081.8	15974.8	6640.6	Twitter						
706	Spectrogram 1	2	4177.207	4177.260	5595.2	14434.1	6445.3	Twitter						
652	Spectrogram 1	2	4177.340	4177.410	4000.0	18000.0	6445.3	Twitter	14.005958	27.977925	NaN	NaN	74.715885	0.000000
653	Spectrogram 1	2	4177.480	4177.550	4000.0	18000.0	6250.0	Twitter	14.789325	29.227216	NaN	NaN	70.258045	0.000000
654	Spectrogram 1	2	4177.620	4177.700	4000.0	18000.0	6054.7	Twitter	9.876745	22.128543	NaN	NaN	75.230934	0.000000
708	Spectrogram 1	2	4177.756	4177.826	5027.6	12487.9	6054.7	Twitter						
655	Spectrogram 1	2	4177.900	4177.950	4000.0	18000.0	7031.2	Twitter	12.979444	20.922482	NaN	NaN	113.917327	0.000000
656	Spectrogram 1	2	4178.030	4178.070	4000.0	18000.0	7031.2	Twitter	12.849281	17.864214	NaN	NaN	113.683390	0.000000
