Selection	View	Channel	Begin Time (s)	End Time (s)	Low Freq (Hz)	High Freq (Hz)	Max Freq (Hz)	Call Type	Energy Diff	Energy Par	Energy Diff (wl)	Energy Par (wl)	AHR	Exception
58	Spectrogram 1	3	6512.295	6512.362	9264.9	11928.6	9668.0	P-peep						
11	Spectrogram 1	4	6372.250	6374.410	4000.0	18000.0	7617.2	Phee	5.859259	15.000000	NaN	NaN	96.231491	0.000000
12	Spectrogram 1	3	6470.786	6472.167	4000.0	18000.0	9570.3	Phee	4.999463	15.000000	NaN	NaN	72.798018	0.000000
13	Spectrogram 1	3	6565.450	6567.039	4000.0	18000.0	9277.3	Phee	3.728994	15.000000	NaN	NaN	54.127235	0.000000
15	Spectrogram 1	4	6646.730	6648.751	4000.0	18000.0	7910.2	Phee	4.647117	15.000000	NaN	NaN	85.761204	0.000000
16	Spectrogram 1	4	6653.970	6655.800	4000.0	18000.0	7910.2	Phee	4.369104	15.000000	NaN	NaN	68.767586	0.000000
62	Spectrogram 1	2	6686.150	6686.700	4000.0	18000.0	9082.0	Phee	11.861638	23.590305	NaN	NaN	107.521851	0.000000
37	Spectrogram 1	1	5174.270	5174.340	4000.0	18000.0	8984.4	Sd-peep	10.958565	17.355757	NaN	NaN	83.440982	0.000000
19	Spectrogram 1	4	2410.004	2410.081	4000.0	18000.0	7519.5	Trill	8.640832	15.773415	NaN	NaN	63.690835	0.000000
20	Spectrogram 1	2	2912.320	2912.448	4000.0	18000.0	6738.3	Trill	12.718233	17.655888	NaN	NaN	79.258018	0.000000
21	Spectrogram 1	1	2916.070	2916.270	4000.0	18000.0	7421.9	Trill	11.535701	16.222627	NaN	NaN	81.223565	0.000000
22	Spectrogram 1	2	2922.600	2922.710	4000.0	18000.0	7812.5	Trill	10.103961	15.805696	NaN	NaN	53.500018	0.000000
24	Spectrogram 1	2	3310.290	3310.380	4000.0	18000.0	7421.9	Trill	9.404485	15.398027	NaN	NaN	57.738593	0.000000
25	Spectrogram 1	1	3691.490	3691.580	4000.0	18000.0	7324.2	Trill	20.588599	25.162474	NaN	NaN	122.333592	0.000000
26	Spectrogram 1	2	3692.860	3692.920	4000.0	18000.0	6933.6	Trill	11.333289	16.415457	NaN	NaN	64.436392	0.000000
27	Spectrogram 1	1	4317.614	4317.690	4000.0	18000.0	7226.6	Trill	18.712199	24.606757	NaN	NaN	134.695320	0.000000
28	Spectrogram 1	4	4321.130	4321.440	4000.0	18000.0	7421.9	Trill	8.674720	15.151611	NaN	NaN	64.780702	0.000000
29	Spectrogram 1	4	4613.940	4614.440	4000.0	18000.0	7714.8	Trill	8.184670	15.570856	NaN	NaN	61.245240	0.000000
30	Spectrogram 1	2	4900.260	4900.350	4000.0	18000.0	6445.3	Trill	11.699655	16.481796	NaN	NaN	62.453550	0.000000
31	Spectrogram 1	2	4904.190	4904.280	4000.0	18000.0	6445.3	Trill	12.201028	15.748831	NaN	NaN	63.646506	0.000000
32	Spectrogram 1	2	4913.120	4913.210	4000.0	18000.0	6152.3	Trill	10.343728	14.053357	NaN	NaN	52.685939	0.000000
33	Spectrogram 1	2	4918.820	4918.960	4000.0	18000.0	6738.3	Trill	9.641774	15.156597	NaN	NaN	61.965299	0.000000
34	Spectrogram 1	1	4944.350	4944.480	4000.0	18000.0	8789.1	Trill	9.502449	13.127252	NaN	NaN	62.730793	0.000000
35	Spectrogram 1	2	5112.110	5112.180	4000.0	18000.0	7324.2	Trill	9.285410	12.788269	NaN	NaN	69.616710	0.000000
36	Spectrogram 1	2	5113.490	5113.570	4000.0	18000.0	6835.9	Trill	14.672341	18.148573	NaN	NaN	82.722000	0.000000
38	Spectrogram 1	1	5178.560	5178.630	4000.0	18000.0	8984.4	Trill	7.281691	13.323515	NaN	NaN	70.062117	0.000000
39	Spectrogram 1	1	5189.320	5189.380	4000.0	18000.0	8886.7	Trill	10.669130	17.229945	NaN	NaN	68.323560	0.000000
40	Spectrogram 1	2	5394.840	5394.920	4000.0	18000.0	6933.6	Trill	11.311901	17.382856	NaN	NaN	69.175607	0.000000
41	Spectrogram 1	2	5395.670	5395.840	4000.0	18000.0	7031.2	Trill	8.626905	13.707515	NaN	NaN	59.123026	0.000000
42	Spectrogram 1	2	5461.201	5461.300	4000.0	18000.0	8300.8	Trill	10.061575	16.984520	NaN	NaN	64.431581	0.000000
43	Spectrogram 1	4	5474.380	5474.861	4000.0	18000.0	6933.6	Trill	8.860931	17.053358	NaN	NaN	71.401011	0.000000
44	Spectrogram 1	2	5497.110	5497.260	4000.0	18000.0	6835.9	Trill	14.295553	22.441698	NaN	NaN	83.658581	0.000000
46	Spectrogram 1	2	5550.650	5550.743	4000.0	18000.0	8300.8	Trill	14.157839	19.397646	NaN	NaN	101.751540	0.000000
47	Spectrogram 1	2	5575.660	5575.739	4000.0	18000.0	7714.8	Trill	9.385563	15.308492	NaN	NaN	65.435925	0.000000
48	Spectrogram 1	2	5579.989	5580.107	4000.0	18000.0	7617.2	Trill	10.827352	17.859963	NaN	NaN	83.945781	0.000000
49	Spectrogram 1	2	5604.340	5604.628	4000.0	18000.0	7812.5	Trill	9.273232	15.125858	NaN	NaN	75.852544	0.000000
50	Spectrogram 1	2	5815.130	5815.230	4000.0	18000.0	6543.0	Trill	8.875463	12.803750	NaN	NaN	57.572290	0.000000
51	Spectrogram 1	2	5977.820	5977.970	4000.0	18000.0	8203.1	Trill	10.681478	15.960213	NaN	NaN	69.446868	0.000000
52	Spectrogram 1	2	6002.642	6002.770	4000.0	18000.0	7714.8	Trill	10.171948	15.681869	NaN	NaN	61.383304	0.000000
53	Spectrogram 1	2	6047.323	6048.360	4000.0	18000.0	8398.4	Trill	8.297657	20.866871	NaN	NaN	85.752924	0.000000
54	Spectrogram 1	2	6268.370	6268.629	4000.0	18000.0	8300.8	Trill	11.822389	18.312395	NaN	NaN	92.463035	0.000000
55	Spectrogram 1	2	6271.890	6271.984	4000.0	18000.0	7910.2	Trill	7.403399	11.904699	NaN	NaN	61.035726	0.000000
57	Spectrogram 1	2	6387.690	6387.980	4000.0	18000.0	8496.1	Trill	8.450908	12.839432	NaN	NaN	57.994233	0.000000
56	Spectrogram 1	2	6278.940	6279.530	4000.0	18000.0	8691.4	Trill	13.803856	23.758945	NaN	NaN	93.143162	0.000000
59	Spectrogram 1	3	6512.425	6513.393	4000.0	18000.0	9863.3	Phee	7.982362	20.859608	NaN	NaN	49.034786	0.000000
60	Spectrogram 1	4	6543.885	6546.410	4000.0	18000.0	7617.2	Phee	9.070543	28.144828	NaN	NaN	101.020318	0.000000
61	Spectrogram 1	2	6685.260	6686.000	4000.0	18000.0	9375.0	Trillphee	11.335449	24.678603	NaN	NaN	110.769036	0.000000
23	Spectrogram 1	2	3246.935	3247.024	4000.0	18000.0	6738.3	Tse	9.558861	16.808282	NaN	NaN	64.301219	0.000000
45	Spectrogram 1	2	5497.310	5497.381	4000.0	18000.0	6054.7	Tse	7.041774	15.720339	NaN	NaN	40.890067	0.000000
