Selection	View	Channel	Begin Time (s)	End Time (s)	Low Freq (Hz)	High Freq (Hz)	Max Freq (Hz)	Call Type	Energy Diff	Energy Par	Energy Diff (wl)	Energy Par (wl)	AHR	Exception
44	Spectrogram 1	1	371.890	372.130	4000.0	18000.0	8789.1	P-peep	8.709759	15.912617	NaN	NaN	80.921116	0.000000
54	Spectrogram 1	1	414.670	414.750	4000.0	18000.0	8593.7	P-peep	7.259897	23.137949	NaN	NaN	117.009570	0.000000
60	Spectrogram 1	1	437.230	439.270	4000.0	18000.0	8789.1	P-peep	8.382597	25.232812	NaN	NaN	116.795871	0.000000
63	Spectrogram 1	1	459.580	459.650	4000.0	18000.0	8593.7	P-peep	11.053484	22.187819	NaN	NaN	130.045731	0.000000
64	Spectrogram 1	1	459.760	459.860	4000.0	18000.0	8789.1	P-peep	8.185697	19.502609	NaN	NaN	113.677144	0.000000
67	Spectrogram 1	1	465.230	465.290	4000.0	18000.0	9375.0	P-peep	11.127707	19.402690	NaN	NaN	106.509466	0.000000
70	Spectrogram 1	1	470.040	470.130	4000.0	18000.0	9179.7	P-peep	9.979997	15.347212	NaN	NaN	92.824422	0.000000
76	Spectrogram 1	4	523.790	523.830	4000.0	18000.0	8398.4	P-peep	7.832484	8.429463	NaN	NaN	48.659803	0.000000
162	Spectrogram 1	1	1366.030	1368.090	4000.0	18000.0	8984.4	P-peep	7.933814	22.076465	NaN	NaN	99.464532	0.000000
189	Spectrogram 1	1	1609.640	1609.700	4000.0	18000.0	8984.4	P-peep	9.354769	25.118327	NaN	NaN	119.882970	0.000000
202	Spectrogram 1	1	1645.370	1645.470	4000.0	18000.0	8789.1	P-peep	7.285080	20.287569	NaN	NaN	88.843226	0.000000
203	Spectrogram 1	1	1645.610	1645.680	4000.0	18000.0	8789.1	P-peep	11.781731	24.178511	NaN	NaN	128.134387	0.000000
204	Spectrogram 1	1	1646.000	1646.100	4000.0	18000.0	8984.4	P-peep	8.275198	19.827399	NaN	NaN	103.280473	0.000000
241	Spectrogram 1	1	2114.190	2114.220	4000.0	18000.0	8593.7	P-peep	7.713504	9.133456	NaN	NaN	52.619501	0.000000
246	Spectrogram 1	1	2257.720	2257.770	4000.0	18000.0	8203.1	P-peep	8.364383	17.845669	NaN	NaN	98.848258	0.000000
247	Spectrogram 1	1	2257.860	2257.940	4000.0	18000.0	8593.7	P-peep	8.549602	17.356387	NaN	NaN	115.706486	0.000000
248	Spectrogram 1	1	2258.010	2258.080	4000.0	18000.0	8789.1	P-peep	11.985535	23.240877	NaN	NaN	124.051424	0.000000
250	Spectrogram 1	1	2258.310	2258.380	4000.0	18000.0	9179.7	P-peep	11.468444	19.845808	NaN	NaN	113.087486	0.000000
259	Spectrogram 1	1	2284.030	2284.130	4000.0	18000.0	8593.7	P-peep	7.324390	9.517405	NaN	NaN	53.904361	0.000000
260	Spectrogram 1	1	2285.440	2285.490	4000.0	18000.0	8593.7	P-peep	7.598762	8.847826	NaN	NaN	58.188974	0.000000
328	Spectrogram 1	1	2390.730	2390.810	4000.0	18000.0	9570.3	P-peep	10.100230	17.575719	NaN	NaN	103.780153	0.000000
330	Spectrogram 1	1	2403.760	2404.090	4000.0	18000.0	8984.4	P-peep	7.414032	25.230368	NaN	NaN	91.323239	0.000000
363	Spectrogram 1	1	2559.970	2560.060	4000.0	18000.0	8984.4	P-peep	7.087803	15.639827	NaN	NaN	85.146577	0.000000
379	Spectrogram 1	1	2633.050	2633.550	4000.0	18000.0	9765.6	P-peep	12.838795	22.711500	NaN	NaN	126.033751	0.000000
382	Spectrogram 1	1	2634.420	2634.490	4000.0	18000.0	9375.0	P-peep	9.586163	20.176025	NaN	NaN	114.186526	0.000000
425	Spectrogram 1	1	2969.160	2969.240	4000.0	18000.0	9375.0	P-peep	10.359677	18.288156	NaN	NaN	106.411593	0.000000
436	Spectrogram 1	1	3069.010	3069.080	4000.0	18000.0	9179.7	P-peep	8.012519	17.875874	NaN	NaN	88.482295	0.000000
437	Spectrogram 1	1	3069.220	3069.310	4000.0	18000.0	9375.0	P-peep	9.339760	17.251881	NaN	NaN	112.812794	0.000000
457	Spectrogram 1	1	3213.600	3213.660	4000.0	18000.0	8203.1	P-peep	8.821499	17.379100	NaN	NaN	90.864139	0.000000
458	Spectrogram 1	1	3213.780	3213.860	4000.0	18000.0	8593.7	P-peep	8.151524	19.886114	NaN	NaN	107.063026	0.000000
475	Spectrogram 1	1	3327.180	3327.250	4000.0	18000.0	8984.4	P-peep	10.457953	18.725779	NaN	NaN	98.214954	0.000000
487	Spectrogram 1	1	3382.780	3383.040	4000.0	18000.0	8593.7	P-peep	7.234090	17.332339	NaN	NaN	88.857224	0.000000
489	Spectrogram 1	1	3392.480	3392.520	4000.0	18000.0	7617.2	P-peep	7.373277	9.274026	NaN	NaN	54.636207	0.000000
496	Spectrogram 1	1	3407.470	3407.500	4000.0	18000.0	8593.7	P-peep	9.186400	14.303330	NaN	NaN	89.289786	0.000000
497	Spectrogram 1	1	3407.980	3408.240	4000.0	18000.0	8593.7	P-peep	7.074874	15.183936	NaN	NaN	84.446009	0.000000
498	Spectrogram 1	1	3408.670	3408.760	4000.0	18000.0	8593.7	P-peep	9.222658	19.008408	NaN	NaN	108.658449	0.000000
506	Spectrogram 1	1	3432.290	3432.360	4000.0	18000.0	7617.2	P-peep	9.620179	15.110785	NaN	NaN	101.173847	0.000000
531	Spectrogram 1	1	3539.570	3539.650	4000.0	18000.0	8789.1	P-peep	7.189268	16.442949	NaN	NaN	71.720179	0.000000
532	Spectrogram 1	1	3539.750	3539.810	4000.0	18000.0	8789.1	P-peep	9.908044	18.592373	NaN	NaN	79.962779	0.000000
543	Spectrogram 1	1	3622.860	3622.940	4000.0	18000.0	8593.7	P-peep	7.330182	18.057842	NaN	NaN	84.542418	0.000000
550	Spectrogram 1	1	3670.450	3670.666	4000.0	18000.0	8398.4	P-peep	17.659345	30.084462	NaN	NaN	173.117386	0.000000
622	Spectrogram 1	1	4171.320	4171.420	4000.0	18000.0	8984.4	P-peep	8.274474	18.609424	NaN	NaN	73.700232	0.000000
625	Spectrogram 1	1	4193.130	4193.210	4000.0	18000.0	8593.7	P-peep	7.457110	15.288779	NaN	NaN	61.738209	0.000000
626	Spectrogram 1	1	4198.960	4199.020	4000.0	18000.0	8593.7	P-peep	9.066456	13.366599	NaN	NaN	69.861484	0.000000
638	Spectrogram 1	1	4262.840	4262.900	4000.0	18000.0	9179.7	P-peep	8.754414	12.155017	NaN	NaN	60.775609	0.000000
650	Spectrogram 1	1	4308.660	4308.720	4000.0	18000.0	9375.0	P-peep	8.171426	15.466778	NaN	NaN	92.755254	0.000000
651	Spectrogram 1	1	4309.450	4309.510	4000.0	18000.0	8789.1	P-peep	10.654742	16.713732	NaN	NaN	102.786842	0.000000
652	Spectrogram 1	1	4309.670	4309.730	4000.0	18000.0	9375.0	P-peep	7.484792	15.198628	NaN	NaN	70.858668	0.000000
682	Spectrogram 1	1	4494.190	4494.230	4000.0	18000.0	8789.1	P-peep	8.148268	11.672928	NaN	NaN	62.572127	0.000000
691	Spectrogram 1	1	4526.050	4526.120	4000.0	18000.0	8789.1	P-peep	9.845230	11.503277	NaN	NaN	61.877467	0.000000
692	Spectrogram 1	1	4527.070	4527.140	4000.0	18000.0	8593.7	P-peep	11.529568	19.490931	NaN	NaN	119.355866	0.000000
695	Spectrogram 1	1	4549.790	4550.150	4000.0	18000.0	8593.7	P-peep	8.240354	17.823174	NaN	NaN	100.274001	0.000000
702	Spectrogram 1	1	4581.210	4581.420	4000.0	18000.0	8593.7	P-peep	9.393788	20.280549	NaN	NaN	109.690658	0.000000
703	Spectrogram 1	1	4581.530	4581.600	4000.0	18000.0	8984.4	P-peep	12.252631	22.325896	NaN	NaN	126.487355	0.000000
704	Spectrogram 1	1	4581.740	4581.800	4000.0	18000.0	8789.1	P-peep	15.625451	25.138913	NaN	NaN	148.732944	0.000000
705	Spectrogram 1	1	4582.160	4582.230	4000.0	18000.0	8593.7	P-peep	10.635084	23.658766	NaN	NaN	128.763114	0.000000
706	Spectrogram 1	1	4582.380	4582.430	4000.0	18000.0	8789.1	P-peep	13.714157	22.036588	NaN	NaN	147.425071	0.000000
711	Spectrogram 1	1	4596.140	4596.200	4000.0	18000.0	8593.7	P-peep	10.057032	18.892066	NaN	NaN	106.834035	0.000000
716	Spectrogram 1	1	4625.440	4625.540	4000.0	18000.0	8593.7	P-peep	8.347998	18.940625	NaN	NaN	92.423494	0.000000
754	Spectrogram 1	1	4870.840	4870.890	4000.0	18000.0	8593.7	P-peep	13.964021	19.123752	NaN	NaN	75.180268	0.000000
764	Spectrogram 1	1	4913.590	4913.660	4000.0	18000.0	8789.1	P-peep	11.468184	17.610767	NaN	NaN	100.265110	0.000000
766	Spectrogram 1	1	4914.690	4914.920	4000.0	18000.0	8398.4	P-peep	9.554038	16.203782	NaN	NaN	97.654802	0.000000
787	Spectrogram 1	1	4972.760	4972.810	4000.0	18000.0	8203.1	P-peep	12.497700	20.109580	NaN	NaN	136.502731	0.000000
788	Spectrogram 1	1	4972.880	4973.160	4000.0	18000.0	8593.7	P-peep	7.961333	15.673690	NaN	NaN	101.006405	0.000000
793	Spectrogram 1	1	4982.590	4982.680	4000.0	18000.0	8789.1	P-peep	13.613457	22.668191	NaN	NaN	131.580134	0.000000
794	Spectrogram 1	1	4982.770	4982.990	4000.0	18000.0	8789.1	P-peep	10.918479	18.543852	NaN	NaN	115.690117	0.000000
795	Spectrogram 1	1	4983.140	4983.230	4000.0	18000.0	8984.4	P-peep	13.052089	25.274531	NaN	NaN	141.745623	0.000000
797	Spectrogram 1	1	4983.750	4983.810	4000.0	18000.0	8789.1	P-peep	12.865746	23.771698	NaN	NaN	147.530250	0.000000
798	Spectrogram 1	1	4983.970	4984.030	4000.0	18000.0	9179.7	P-peep	13.744007	23.153783	NaN	NaN	138.002834	0.000000
858	Spectrogram 1	1	5233.830	5233.920	4000.0	18000.0	8789.1	P-peep	9.395132	20.611440	NaN	NaN	91.765122	0.000000
865	Spectrogram 1	1	5283.840	5283.920	4000.0	18000.0	8789.1	P-peep	8.873194	18.425064	NaN	NaN	117.230668	0.000000
866	Spectrogram 1	1	5284.140	5284.180	4000.0	18000.0	8984.4	P-peep	7.471128	21.122535	NaN	NaN	120.506195	0.000000
869	Spectrogram 1	1	5300.080	5300.120	4000.0	18000.0	8398.4	P-peep	8.036384	11.883023	NaN	NaN	74.797033	0.000000
871	Spectrogram 1	1	5306.420	5306.490	4000.0	18000.0	8593.7	P-peep	10.706706	15.425622	NaN	NaN	88.881271	0.000000
872	Spectrogram 1	1	5318.260	5318.350	4000.0	18000.0	8398.4	P-peep	10.181258	24.519180	NaN	NaN	112.445382	0.000000
873	Spectrogram 1	1	5319.860	5319.930	4000.0	18000.0	8203.1	P-peep	8.573876	23.345990	NaN	NaN	116.717340	0.000000
876	Spectrogram 1	1	5345.690	5345.740	4000.0	18000.0	8789.1	P-peep	11.595602	17.990095	NaN	NaN	95.189689	0.000000
878	Spectrogram 1	1	5346.600	5346.650	4000.0	18000.0	8203.1	P-peep	8.840948	18.320872	NaN	NaN	101.886997	0.000000
879	Spectrogram 1	1	5347.060	5347.130	4000.0	18000.0	8593.7	P-peep	9.424286	23.757316	NaN	NaN	121.600605	0.000000
880	Spectrogram 1	1	5347.270	5347.350	4000.0	18000.0	8593.7	P-peep	7.780671	20.725732	NaN	NaN	107.482038	0.000000
894	Spectrogram 1	1	5383.620	5383.720	4000.0	18000.0	8593.7	P-peep	7.991967	19.633641	NaN	NaN	110.819012	0.000000
942	Spectrogram 1	1	1543.659	1543.778	8986.2	11290.3	9375.0	P-peep						
943	Spectrogram 1	1	3670.744	3670.818	8525.3	11635.9	8593.7	P-peep						
944	Spectrogram 1	1	3671.527	3671.596	8640.6	11866.4	8984.4	P-peep						
955	Spectrogram 1	1	1627.021	1627.081	7142.9	10023.0	7617.2	P-peep						
180	Spectrogram 1	1	1541.910	1543.594	4000.0	18000.0	8593.7	Phee	9.166369	23.936644	NaN	NaN	101.810611	0.000000
551	Spectrogram 1	1	3671.840	3671.890	4000.0	18000.0	8203.1	Phee	17.388171	19.777274	NaN	NaN	138.601960	0.000000
552	Spectrogram 1	1	3671.940	3672.430	4000.0	18000.0	8398.4	Phee	22.900460	33.416233	NaN	NaN	218.649126	0.000000
553	Spectrogram 1	1	3672.590	3672.750	4000.0	18000.0	7812.5	Phee	19.413616	24.717825	NaN	NaN	177.710752	0.000000
945	Spectrogram 1	1	3670.900	3671.426	8525.3	10944.7	9179.7	Phee						
946	Spectrogram 1	3	421.750	422.600	4000.0	18000.0	8789.1	Phee	8.146362	15.000000	NaN	NaN	123.819717	0.000000
947	Spectrogram 1	4	1233.380	1235.210	4000.0	18000.0	7617.2	Phee	5.156379	15.000000	NaN	NaN	119.109998	0.000000
948	Spectrogram 1	1	1418.780	1420.789	4000.0	18000.0	8984.4	Phee	6.345359	15.000000	NaN	NaN	139.750656	0.000000
949	Spectrogram 1	1	1460.040	1462.260	4000.0	18000.0	8984.4	Phee	5.395501	15.000000	NaN	NaN	159.447960	0.000000
951	Spectrogram 1	1	1627.179	1629.304	4000.0	18000.0	8789.1	Phee	5.065327	15.000000	NaN	NaN	135.303674	0.000000
952	Spectrogram 1	2	1749.490	1751.168	4000.0	18000.0	9179.7	Phee	3.835671	15.000000	NaN	NaN	100.784782	0.000000
953	Spectrogram 1	2	1751.720	1752.912	4000.0	18000.0	8984.4	Phee	4.246621	15.000000	NaN	NaN	96.462702	0.000000
954	Spectrogram 1	3	421.455	421.620	8525.3	9792.6	8593.7	Phee						
34	Spectrogram 1	1	347.470	347.550	4000.0	18000.0	9179.7	Sd-peep	12.973720	18.008784	NaN	NaN	109.957660	0.000000
131	Spectrogram 1	2	1140.530	1140.580	4000.0	18000.0	6640.6	Sd-peep	10.119630	16.944905	NaN	NaN	60.785375	0.000000
139	Spectrogram 1	2	1156.950	1156.990	4000.0	18000.0	8007.8	Sd-peep	9.748020	14.298159	NaN	NaN	76.422621	0.000000
142	Spectrogram 1	2	1164.350	1164.390	4000.0	18000.0	7226.6	Sd-peep	7.219103	9.005706	NaN	NaN	42.559873	0.000000
143	Spectrogram 1	2	1166.380	1166.410	4000.0	18000.0	10546.9	Sd-peep	10.065969	15.113455	NaN	NaN	52.097094	0.000000
144	Spectrogram 1	2	1166.900	1166.930	4000.0	18000.0	7226.6	Sd-peep	10.415551	15.199575	NaN	NaN	61.591346	0.000000
148	Spectrogram 1	2	1197.400	1197.440	4000.0	18000.0	8007.8	Sd-peep	7.206191	12.714469	NaN	NaN	48.064448	0.000000
149	Spectrogram 1	2	1202.580	1202.620	4000.0	18000.0	7031.2	Sd-peep	7.626344	11.556642	NaN	NaN	52.510725	0.000000
194	Spectrogram 1	2	1622.060	1622.120	4000.0	18000.0	8007.8	Sd-peep	7.641419	11.682188	NaN	NaN	55.521163	0.000000
254	Spectrogram 1	2	2279.380	2279.430	4000.0	18000.0	7421.9	Sd-peep	7.059736	11.105992	NaN	NaN	52.950149	0.000000
255	Spectrogram 1	2	2279.520	2279.570	4000.0	18000.0	6640.6	Sd-peep	7.620625	11.107414	NaN	NaN	48.622146	0.000000
256	Spectrogram 1	2	2280.120	2280.180	4000.0	18000.0	8203.1	Sd-peep	7.299956	10.826973	NaN	NaN	48.414929	0.000000
265	Spectrogram 1	2	2300.750	2300.820	4000.0	18000.0	6445.3	Sd-peep	7.007912	11.581133	NaN	NaN	42.343114	0.000000
266	Spectrogram 1	2	2302.080	2302.120	4000.0	18000.0	6640.6	Sd-peep	8.605735	11.675428	NaN	NaN	44.939505	0.000000
267	Spectrogram 1	2	2302.230	2302.280	4000.0	18000.0	6640.6	Sd-peep	8.026743	11.302263	NaN	NaN	47.971320	0.000000
268	Spectrogram 1	2	2302.790	2302.830	4000.0	18000.0	6640.6	Sd-peep	9.399413	12.015679	NaN	NaN	46.518232	0.000000
269	Spectrogram 1	2	2305.740	2305.790	4000.0	18000.0	8203.1	Sd-peep	7.844992	12.568172	NaN	NaN	56.440697	0.000000
270	Spectrogram 1	2	2305.880	2305.930	4000.0	18000.0	7421.9	Sd-peep	7.064431	11.195328	NaN	NaN	50.973529	0.000000
271	Spectrogram 1	2	2306.040	2306.100	4000.0	18000.0	8007.8	Sd-peep	8.508154	12.205126	NaN	NaN	42.494800	0.000000
272	Spectrogram 1	2	2306.220	2306.270	4000.0	18000.0	8007.8	Sd-peep	8.529672	12.322198	NaN	NaN	58.322677	0.000000
273	Spectrogram 1	2	2307.300	2307.340	4000.0	18000.0	9179.7	Sd-peep	8.192500	13.148041	NaN	NaN	50.540347	0.000000
274	Spectrogram 1	2	2307.650	2307.700	4000.0	18000.0	8203.1	Sd-peep	7.711263	12.213604	NaN	NaN	54.638943	0.000000
275	Spectrogram 1	2	2307.930	2307.990	4000.0	18000.0	7421.9	Sd-peep	7.468551	11.405459	NaN	NaN	47.808170	0.000000
276	Spectrogram 1	2	2308.480	2308.530	4000.0	18000.0	6640.6	Sd-peep	7.282804	10.547897	NaN	NaN	42.063299	0.000000
277	Spectrogram 1	2	2309.200	2309.240	4000.0	18000.0	8984.4	Sd-peep	7.176953	12.841431	NaN	NaN	49.006929	0.000000
278	Spectrogram 1	2	2309.390	2309.440	4000.0	18000.0	6445.3	Sd-peep	7.910709	11.829872	NaN	NaN	43.027830	0.000000
279	Spectrogram 1	2	2311.140	2311.190	4000.0	18000.0	8984.4	Sd-peep	7.535535	11.200760	NaN	NaN	50.824225	0.000000
280	Spectrogram 1	2	2311.510	2311.560	4000.0	18000.0	8007.8	Sd-peep	7.442551	10.505553	NaN	NaN	47.117079	0.000000
281	Spectrogram 1	2	2311.650	2311.690	4000.0	18000.0	7421.9	Sd-peep	7.429152	10.565202	NaN	NaN	38.424011	0.000000
282	Spectrogram 1	2	2311.860	2311.910	4000.0	18000.0	6445.3	Sd-peep	7.563557	11.173557	NaN	NaN	43.909231	0.000000
283	Spectrogram 1	2	2312.220	2312.270	4000.0	18000.0	8007.8	Sd-peep	7.390685	11.007580	NaN	NaN	44.201540	0.000000
284	Spectrogram 1	2	2313.130	2313.180	4000.0	18000.0	8398.4	Sd-peep	8.513486	12.797300	NaN	NaN	55.306220	0.000000
285	Spectrogram 1	2	2313.480	2313.520	4000.0	18000.0	7812.5	Sd-peep	7.844134	11.213252	NaN	NaN	45.757066	0.000000
286	Spectrogram 1	2	2313.630	2313.680	4000.0	18000.0	7421.9	Sd-peep	7.717778	11.041721	NaN	NaN	48.891649	0.000000
287	Spectrogram 1	2	2313.790	2313.840	4000.0	18000.0	7812.5	Sd-peep	8.861504	11.925884	NaN	NaN	46.549132	0.000000
288	Spectrogram 1	2	2313.940	2313.990	4000.0	18000.0	7421.9	Sd-peep	8.096473	11.414334	NaN	NaN	45.099327	0.000000
289	Spectrogram 1	2	2314.260	2314.320	4000.0	18000.0	8007.8	Sd-peep	7.548823	10.728436	NaN	NaN	49.224382	0.000000
290	Spectrogram 1	2	2314.410	2314.470	4000.0	18000.0	8007.8	Sd-peep	7.487767	10.849273	NaN	NaN	46.509958	0.000000
291	Spectrogram 1	2	2314.580	2314.610	4000.0	18000.0	7421.9	Sd-peep	7.250478	11.039817	NaN	NaN	42.591468	0.000000
292	Spectrogram 1	2	2316.700	2316.750	4000.0	18000.0	7421.9	Sd-peep	7.645235	10.308860	NaN	NaN	51.203984	0.000000
294	Spectrogram 1	2	2319.470	2319.520	4000.0	18000.0	8007.8	Sd-peep	8.336470	11.991922	NaN	NaN	51.408043	0.000000
295	Spectrogram 1	1	2322.430	2322.510	4000.0	18000.0	9375.0	Sd-peep	16.285472	21.669014	NaN	NaN	135.307373	0.000000
297	Spectrogram 1	2	2330.820	2330.860	4000.0	18000.0	6835.9	Sd-peep	8.099714	10.753749	NaN	NaN	42.724723	0.000000
301	Spectrogram 1	2	2334.410	2334.450	4000.0	18000.0	7226.6	Sd-peep	10.130386	12.171749	NaN	NaN	57.693452	0.000000
302	Spectrogram 1	2	2334.690	2334.730	4000.0	18000.0	6640.6	Sd-peep	8.759913	11.285455	NaN	NaN	49.614731	0.000000
303	Spectrogram 1	2	2334.850	2334.890	4000.0	18000.0	6640.6	Sd-peep	7.939881	11.382567	NaN	NaN	51.627957	0.000000
304	Spectrogram 1	2	2335.000	2335.050	4000.0	18000.0	6835.9	Sd-peep	7.912451	10.100732	NaN	NaN	44.288209	0.000000
305	Spectrogram 1	2	2335.180	2335.230	4000.0	18000.0	7031.2	Sd-peep	8.246297	10.704340	NaN	NaN	44.410825	0.000000
306	Spectrogram 1	2	2336.140	2336.190	4000.0	18000.0	6640.6	Sd-peep	8.176637	10.804985	NaN	NaN	48.930447	0.000000
307	Spectrogram 1	2	2336.350	2336.400	4000.0	18000.0	7031.2	Sd-peep	7.909637	10.780632	NaN	NaN	46.132118	0.000000
308	Spectrogram 1	2	2336.530	2336.570	4000.0	18000.0	7031.2	Sd-peep	8.288333	10.408748	NaN	NaN	43.579986	0.000000
309	Spectrogram 1	2	2336.720	2336.780	4000.0	18000.0	6640.6	Sd-peep	7.480890	9.360000	NaN	NaN	46.765328	0.000000
310	Spectrogram 1	2	2336.940	2337.000	4000.0	18000.0	6640.6	Sd-peep	8.599378	12.001714	NaN	NaN	53.789015	0.000000
311	Spectrogram 1	2	2337.130	2337.170	4000.0	18000.0	7031.2	Sd-peep	7.514769	10.475923	NaN	NaN	44.080006	0.000000
312	Spectrogram 1	2	2337.590	2337.640	4000.0	18000.0	6640.6	Sd-peep	8.221133	9.967910	NaN	NaN	40.064719	0.000000
313	Spectrogram 1	2	2338.470	2338.520	4000.0	18000.0	6640.6	Sd-peep	8.902045	12.190047	NaN	NaN	65.365012	0.000000
314	Spectrogram 1	2	2338.730	2338.780	4000.0	18000.0	7031.2	Sd-peep	8.706368	10.944724	NaN	NaN	46.621176	0.000000
315	Spectrogram 1	2	2338.910	2338.960	4000.0	18000.0	6640.6	Sd-peep	8.201651	10.208794	NaN	NaN	51.854535	0.000000
316	Spectrogram 1	2	2339.160	2339.220	4000.0	18000.0	7031.2	Sd-peep	7.992798	10.058198	NaN	NaN	52.021140	0.000000
318	Spectrogram 1	2	2339.720	2339.760	4000.0	18000.0	6640.6	Sd-peep	8.894089	11.684812	NaN	NaN	54.279212	0.000000
320	Spectrogram 1	2	2340.450	2340.500	4000.0	18000.0	7226.6	Sd-peep	7.051752	9.239410	NaN	NaN	41.507587	0.000000
321	Spectrogram 1	2	2340.880	2340.940	4000.0	18000.0	7226.6	Sd-peep	7.457029	10.305028	NaN	NaN	46.209971	0.000000
329	Spectrogram 1	1	2393.850	2394.030	4000.0	18000.0	9960.9	Sd-peep	8.129086	15.135651	NaN	NaN	80.785402	0.000000
333	Spectrogram 1	1	2431.480	2431.540	4000.0	18000.0	9375.0	Sd-peep	7.104521	16.012093	NaN	NaN	63.594510	0.000000
373	Spectrogram 1	2	2588.890	2589.163	4000.0	18000.0	8789.1	Sd-peep	8.642743	17.309502	NaN	NaN	59.009934	0.000000
397	Spectrogram 1	2	2722.760	2722.810	4000.0	18000.0	6835.9	Sd-peep	10.557172	16.238173	NaN	NaN	67.194084	0.000000
398	Spectrogram 1	2	2722.920	2722.990	4000.0	18000.0	6640.6	Sd-peep	10.231041	16.088562	NaN	NaN	63.387467	0.000000
399	Spectrogram 1	2	2723.090	2723.160	4000.0	18000.0	6835.9	Sd-peep	9.167062	14.616834	NaN	NaN	60.097218	0.000000
400	Spectrogram 1	2	2723.290	2723.350	4000.0	18000.0	7031.2	Sd-peep	9.475209	14.378140	NaN	NaN	63.254128	0.000000
402	Spectrogram 1	2	2723.700	2723.760	4000.0	18000.0	6835.9	Sd-peep	8.601317	13.650102	NaN	NaN	67.307015	0.000000
433	Spectrogram 1	1	3068.430	3068.480	4000.0	18000.0	9375.0	Sd-peep	12.312212	17.183504	NaN	NaN	103.376625	0.000000
480	Spectrogram 1	1	3348.680	3348.730	4000.0	18000.0	7421.9	Sd-peep	10.308153	14.557782	NaN	NaN	62.296714	0.000000
481	Spectrogram 1	1	3349.130	3349.180	4000.0	18000.0	7421.9	Sd-peep	11.127784	15.187433	NaN	NaN	61.058543	0.000000
482	Spectrogram 1	1	3349.400	3349.450	4000.0	18000.0	7421.9	Sd-peep	8.376254	11.089029	NaN	NaN	56.297386	0.000000
485	Spectrogram 1	1	3381.950	3381.990	4000.0	18000.0	9179.7	Sd-peep	9.174600	12.349361	NaN	NaN	58.640034	0.000000
499	Spectrogram 1	1	3412.310	3412.360	4000.0	18000.0	8789.1	Sd-peep	7.312638	13.193760	NaN	NaN	47.762144	0.000000
502	Spectrogram 1	2	3427.860	3427.910	4000.0	18000.0	9765.6	Sd-peep	10.697832	16.398096	NaN	NaN	79.963441	0.000000
510	Spectrogram 1	1	3439.530	3439.580	4000.0	18000.0	8593.7	Sd-peep	7.905605	12.606468	NaN	NaN	58.750151	0.000000
513	Spectrogram 1	1	3442.980	3443.040	4000.0	18000.0	9960.9	Sd-peep	8.047013	14.743284	NaN	NaN	62.721987	0.000000
517	Spectrogram 1	1	3450.620	3450.670	4000.0	18000.0	8984.4	Sd-peep	7.044040	13.485992	NaN	NaN	64.804470	0.000000
518	Spectrogram 1	1	3451.330	3451.370	4000.0	18000.0	8789.1	Sd-peep	7.901382	11.153869	NaN	NaN	53.007596	0.000000
524	Spectrogram 1	1	3500.520	3500.560	4000.0	18000.0	8007.8	Sd-peep	7.183820	13.026737	NaN	NaN	56.588874	0.000000
529	Spectrogram 1	1	3537.110	3537.150	4000.0	18000.0	9375.0	Sd-peep	7.005213	12.325657	NaN	NaN	46.370495	0.000000
533	Spectrogram 1	1	3545.170	3545.230	4000.0	18000.0	8593.7	Sd-peep	7.441400	13.321003	NaN	NaN	59.117909	0.000000
535	Spectrogram 1	1	3547.220	3547.290	4000.0	18000.0	7812.5	Sd-peep	8.517000	12.049796	NaN	NaN	54.283305	0.000000
539	Spectrogram 1	1	3571.990	3572.040	4000.0	18000.0	9765.6	Sd-peep	8.357999	15.919696	NaN	NaN	73.518841	0.000000
541	Spectrogram 1	1	3587.070	3587.140	4000.0	18000.0	8789.1	Sd-peep	8.111499	12.886117	NaN	NaN	59.227479	0.000000
549	Spectrogram 1	1	3670.090	3670.140	4000.0	18000.0	9179.7	Sd-peep	14.795774	22.074962	NaN	NaN	85.989650	0.000000
558	Spectrogram 1	1	3791.680	3791.750	4000.0	18000.0	9375.0	Sd-peep	13.936053	20.302778	NaN	NaN	112.748710	0.000000
616	Spectrogram 1	2	4147.010	4147.050	4000.0	18000.0	9960.9	Sd-peep	6.962264	12.303039	NaN	NaN	50.160968	0.000000
617	Spectrogram 1	2	4147.450	4147.500	4000.0	18000.0	9960.9	Sd-peep	8.426776	13.155338	NaN	NaN	57.736135	0.000000
618	Spectrogram 1	2	4150.420	4150.460	4000.0	18000.0	7421.9	Sd-peep	6.978543	9.836439	NaN	NaN	50.717080	0.000000
690	Spectrogram 1	1	4525.470	4525.630	4000.0	18000.0	5859.4	Sd-peep	7.274608	9.720003	NaN	NaN	42.388932	0.000000
700	Spectrogram 1	1	4577.470	4577.530	4000.0	18000.0	8593.7	Sd-peep	9.758114	14.367496	NaN	NaN	64.890866	0.000000
710	Spectrogram 1	1	4594.650	4594.700	4000.0	18000.0	9765.6	Sd-peep	10.309681	16.830362	NaN	NaN	84.158771	0.000000
713	Spectrogram 1	1	4612.140	4612.200	4000.0	18000.0	9960.9	Sd-peep	9.644798	16.505840	NaN	NaN	74.068797	0.000000
715	Spectrogram 1	1	4623.680	4623.740	4000.0	18000.0	9375.0	Sd-peep	7.122109	12.851181	NaN	NaN	55.168050	0.000000
718	Spectrogram 1	1	4632.630	4632.680	4000.0	18000.0	9765.6	Sd-peep	9.899728	16.207113	NaN	NaN	76.539963	0.000000
719	Spectrogram 1	1	4635.320	4635.360	4000.0	18000.0	8789.1	Sd-peep	7.834074	10.151475	NaN	NaN	47.265019	0.000000
720	Spectrogram 1	1	4636.960	4637.020	4000.0	18000.0	8593.7	Sd-peep	8.898812	10.037386	NaN	NaN	47.507316	0.000000
854	Spectrogram 1	1	5222.050	5222.110	4000.0	18000.0	9375.0	Sd-peep	10.462687	18.012542	NaN	NaN	79.664830	0.000000
895	Spectrogram 1	1	5390.320	5390.370	4000.0	18000.0	7421.9	Sd-peep	7.427940	10.268119	NaN	NaN	48.229545	0.000000
896	Spectrogram 1	1	5392.740	5392.800	4000.0	18000.0	8398.4	Sd-peep	6.977934	12.062667	NaN	NaN	56.935700	0.000000
897	Spectrogram 1	1	5394.630	5394.680	4000.0	18000.0	8789.1	Sd-peep	8.957366	14.185261	NaN	NaN	71.527944	0.000000
899	Spectrogram 1	1	5402.120	5402.180	4000.0	18000.0	9179.7	Sd-peep	7.114778	13.221885	NaN	NaN	65.557450	0.000000
909	Spectrogram 1	2	5517.350	5517.390	4000.0	18000.0	9179.7	Sd-peep	8.470889	18.130912	NaN	NaN	67.768666	0.000000
6	Spectrogram 1	2	63.410	63.730	4000.0	18000.0	8789.1	Trill	11.373804	15.221623	NaN	NaN	68.285524	0.000000
7	Spectrogram 1	1	66.600	66.820	4000.0	18000.0	8984.4	Trill	11.195741	14.635914	NaN	NaN	85.389189	0.000000
8	Spectrogram 1	2	70.190	70.839	4000.0	18000.0	7031.2	Trill	15.541308	23.029574	NaN	NaN	136.687502	0.000000
10	Spectrogram 1	1	74.630	75.080	4000.0	18000.0	7812.5	Trill	13.053222	18.090022	NaN	NaN	89.762697	0.000000
16	Spectrogram 1	1	151.640	151.780	4000.0	18000.0	8984.4	Trill	15.417561	20.450404	NaN	NaN	114.656881	0.000000
19	Spectrogram 1	1	201.370	201.770	4000.0	18000.0	8593.7	Trill	8.806241	14.074309	NaN	NaN	65.970849	0.000000
21	Spectrogram 1	2	205.670	205.890	4000.0	18000.0	7031.2	Trill	7.940990	11.768404	NaN	NaN	59.491867	0.000000
33	Spectrogram 1	2	337.890	338.100	4000.0	18000.0	6250.0	Trill	8.545451	13.170891	NaN	NaN	59.256707	0.000000
35	Spectrogram 1	1	348.240	348.290	4000.0	18000.0	8789.1	Trill	13.854450	17.523700	NaN	NaN	109.913641	0.000000
36	Spectrogram 1	1	349.890	349.950	4000.0	18000.0	8593.7	Trill	14.939640	17.574210	NaN	NaN	109.797517	0.000000
40	Spectrogram 1	2	360.720	361.047	4000.0	18000.0	7031.2	Trill	7.211942	12.494528	NaN	NaN	63.315004	0.000000
42	Spectrogram 1	1	368.223	368.451	4000.0	18000.0	8789.1	Trill	12.390268	14.899704	NaN	NaN	87.363482	0.000000
47	Spectrogram 1	2	379.130	379.220	4000.0	18000.0	7226.6	Trill	8.253252	12.793490	NaN	NaN	49.808004	0.000000
53	Spectrogram 1	2	397.320	397.430	4000.0	18000.0	6445.3	Trill	9.183859	12.978950	NaN	NaN	57.481499	0.000000
58	Spectrogram 1	2	428.300	428.400	4000.0	18000.0	7226.6	Trill	13.829140	17.444355	NaN	NaN	78.275943	0.000000
59	Spectrogram 1	2	430.140	430.300	4000.0	18000.0	7421.9	Trill	12.598855	15.551908	NaN	NaN	80.265986	0.000000
61	Spectrogram 1	2	441.790	441.955	4000.0	18000.0	7812.5	Trill	14.039756	18.687520	NaN	NaN	99.058044	0.000000
73	Spectrogram 1	2	484.285	484.538	4000.0	18000.0	7421.9	Trill	9.746132	13.035355	NaN	NaN	82.591075	0.000000
80	Spectrogram 1	2	599.807	600.100	4000.0	18000.0	8203.1	Trill	8.741388	11.143667	NaN	NaN	62.792581	0.000000
82	Spectrogram 1	2	617.600	617.680	4000.0	18000.0	7031.2	Trill	12.383658	17.345930	NaN	NaN	98.959518	0.000000
83	Spectrogram 1	2	617.760	617.810	4000.0	18000.0	6835.9	Trill	9.453492	11.280004	NaN	NaN	64.708478	0.000000
84	Spectrogram 1	2	619.690	620.002	4000.0	18000.0	7031.2	Trill	10.936327	15.011954	NaN	NaN	79.022565	0.000000
86	Spectrogram 1	2	626.650	626.766	4000.0	18000.0	6640.6	Trill	8.155109	13.184657	NaN	NaN	47.389089	0.000000
88	Spectrogram 1	2	637.980	638.229	4000.0	18000.0	7421.9	Trill	9.646860	13.262409	NaN	NaN	60.007985	0.000000
89	Spectrogram 1	2	642.660	642.872	4000.0	18000.0	7031.2	Trill	8.323780	12.910649	NaN	NaN	60.943085	0.000000
96	Spectrogram 1	2	753.970	754.173	4000.0	18000.0	7617.2	Trill	9.118665	13.071698	NaN	NaN	67.559091	0.000000
97	Spectrogram 1	1	768.020	768.320	4000.0	18000.0	8203.1	Trill	8.510589	12.908720	NaN	NaN	61.829847	0.000000
102	Spectrogram 1	2	877.661	877.969	4000.0	18000.0	7031.2	Trill	8.258172	13.200761	NaN	NaN	42.741362	0.000000
103	Spectrogram 1	2	886.987	887.418	4000.0	18000.0	7226.6	Trill	13.546016	19.560490	NaN	NaN	92.844463	0.000000
104	Spectrogram 1	2	899.380	899.780	4000.0	18000.0	7031.2	Trill	8.998193	15.653224	NaN	NaN	74.804695	0.000000
105	Spectrogram 1	2	905.720	906.182	4000.0	18000.0	6640.6	Trill	11.448401	19.787913	NaN	NaN	92.301343	0.000000
113	Spectrogram 1	2	1023.960	1024.163	4000.0	18000.0	7617.2	Trill	16.776243	21.695299	NaN	NaN	114.500515	0.000000
114	Spectrogram 1	2	1026.000	1026.325	4000.0	18000.0	7031.2	Trill	14.254864	18.370039	NaN	NaN	95.764564	0.000000
117	Spectrogram 1	2	1071.630	1071.830	4000.0	18000.0	7031.2	Trill	8.466130	13.531947	NaN	NaN	56.306670	0.000000
120	Spectrogram 1	2	1097.550	1097.869	4000.0	18000.0	7617.2	Trill	12.808224	18.264267	NaN	NaN	97.764596	0.000000
130	Spectrogram 1	2	1139.851	1140.129	4000.0	18000.0	6445.3	Trill	8.807305	11.518639	NaN	NaN	46.471397	0.000000
150	Spectrogram 1	2	1223.010	1223.120	4000.0	18000.0	7617.2	Trill	7.401320	10.108672	NaN	NaN	44.345867	0.000000
151	Spectrogram 1	2	1251.840	1252.162	4000.0	18000.0	6640.6	Trill	9.945430	14.445392	NaN	NaN	64.786231	0.000000
152	Spectrogram 1	1	1278.280	1278.360	4000.0	18000.0	8789.1	Trill	10.220457	16.453468	NaN	NaN	86.184867	0.000000
153	Spectrogram 1	2	1292.650	1292.940	4000.0	18000.0	7812.5	Trill	10.853746	15.525872	NaN	NaN	80.343586	0.000000
154	Spectrogram 1	2	1301.888	1302.183	4000.0	18000.0	7617.2	Trill	9.515652	14.671042	NaN	NaN	74.461986	0.000000
155	Spectrogram 1	1	1308.490	1308.570	4000.0	18000.0	8789.1	Trill	9.615020	14.457097	NaN	NaN	68.407520	0.000000
163	Spectrogram 1	1	1396.800	1397.120	4000.0	18000.0	8789.1	Trill	11.487699	18.828645	NaN	NaN	84.360595	0.000000
173	Spectrogram 1	2	1479.730	1479.850	4000.0	18000.0	7421.9	Trill	14.841660	19.523513	NaN	NaN	74.513322	0.000000
175	Spectrogram 1	2	1484.420	1484.580	4000.0	18000.0	7031.2	Trill	16.452578	20.172068	NaN	NaN	98.634545	0.000000
181	Spectrogram 1	2	1549.820	1549.965	4000.0	18000.0	7226.6	Trill	11.267447	15.000547	NaN	NaN	82.232464	0.000000
183	Spectrogram 1	2	1570.480	1570.690	4000.0	18000.0	7031.2	Trill	7.911245	14.803369	NaN	NaN	75.255708	0.000000
184	Spectrogram 1	2	1581.680	1582.010	4000.0	18000.0	7031.2	Trill	10.029357	14.606992	NaN	NaN	59.496391	0.000000
185	Spectrogram 1	2	1599.120	1599.365	4000.0	18000.0	6640.6	Trill	7.335396	13.019856	NaN	NaN	51.540192	0.000000
190	Spectrogram 1	4	1614.010	1614.330	4000.0	18000.0	8398.4	Trill	7.581561	14.097590	NaN	NaN	61.283000	0.000000
200	Spectrogram 1	2	1644.380	1644.540	4000.0	18000.0	7031.2	Trill	7.457916	11.282829	NaN	NaN	50.293611	0.000000
206	Spectrogram 1	1	1658.310	1658.420	4000.0	18000.0	8984.4	Trill	11.304419	13.587962	NaN	NaN	79.802662	0.000000
214	Spectrogram 1	2	1677.038	1677.260	4000.0	18000.0	7812.5	Trill	7.835247	12.636689	NaN	NaN	63.365104	0.000000
218	Spectrogram 1	2	1707.380	1707.611	4000.0	18000.0	7226.6	Trill	9.668815	13.199867	NaN	NaN	69.575463	0.000000
220	Spectrogram 1	2	1711.610	1712.015	4000.0	18000.0	7226.6	Trill	12.930411	17.815284	NaN	NaN	79.524040	0.000000
223	Spectrogram 1	2	1929.670	1929.880	4000.0	18000.0	7226.6	Trill	7.212934	11.884875	NaN	NaN	53.404271	0.000000
231	Spectrogram 1	1	2005.600	2006.130	4000.0	18000.0	8789.1	Trill	13.144288	17.589921	NaN	NaN	96.908744	0.000000
262	Spectrogram 1	4	2298.170	2298.425	4000.0	18000.0	7812.5	Trill	7.289420	14.256008	NaN	NaN	59.475479	0.000000
263	Spectrogram 1	3	2299.010	2299.100	4000.0	18000.0	7812.5	Trill	9.604728	15.335068	NaN	NaN	67.407554	0.000000
264	Spectrogram 1	3	2299.180	2299.510	4000.0	18000.0	7421.9	Trill	7.184685	9.776659	NaN	NaN	54.050359	0.000000
300	Spectrogram 1	1	2334.040	2334.120	4000.0	18000.0	9179.7	Trill	11.561506	16.843364	NaN	NaN	90.366310	0.000000
334	Spectrogram 1	2	2434.150	2434.310	4000.0	18000.0	7421.9	Trill	9.252168	16.039447	NaN	NaN	60.129456	0.000000
335	Spectrogram 1	3	2461.380	2461.500	4000.0	18000.0	8789.1	Trill	9.168722	14.113998	NaN	NaN	64.966299	0.000000
336	Spectrogram 1	3	2469.590	2469.950	4000.0	18000.0	9375.0	Trill	7.411782	9.667547	NaN	NaN	54.903049	0.000000
340	Spectrogram 1	2	2516.240	2516.630	4000.0	18000.0	6640.6	Trill	12.263727	17.468247	NaN	NaN	88.444831	0.000000
354	Spectrogram 1	2	2549.410	2549.530	4000.0	18000.0	6640.6	Trill	13.191577	17.761278	NaN	NaN	84.360700	0.000000
358	Spectrogram 1	2	2551.960	2552.343	4000.0	18000.0	6640.6	Trill	12.127755	18.004675	NaN	NaN	80.223502	0.000000
369	Spectrogram 1	2	2580.590	2580.710	4000.0	18000.0	5468.7	Trill	10.026051	11.821337	NaN	NaN	48.022762	0.000000
370	Spectrogram 1	2	2581.510	2581.720	4000.0	18000.0	6640.6	Trill	11.964972	15.801082	NaN	NaN	73.792168	0.000000
371	Spectrogram 1	2	2584.400	2584.632	4000.0	18000.0	6835.9	Trill	12.747809	15.884903	NaN	NaN	67.760014	0.000000
374	Spectrogram 1	2	2600.450	2600.800	4000.0	18000.0	6835.9	Trill	13.006784	18.144038	NaN	NaN	89.210573	0.000000
375	Spectrogram 1	2	2602.180	2602.270	4000.0	18000.0	5664.1	Trill	10.541795	11.305499	NaN	NaN	50.667784	0.000000
376	Spectrogram 1	2	2605.890	2606.099	4000.0	18000.0	6835.9	Trill	12.238734	15.492535	NaN	NaN	66.629364	0.000000
377	Spectrogram 1	1	2609.390	2609.750	4000.0	18000.0	7617.2	Trill	14.312171	17.883618	NaN	NaN	87.758658	0.000000
393	Spectrogram 1	2	2718.840	2719.106	4000.0	18000.0	7421.9	Trill	14.425987	18.368522	NaN	NaN	92.969281	0.000000
394	Spectrogram 1	2	2719.650	2719.814	4000.0	18000.0	5078.1	Trill	14.152062	15.587625	NaN	NaN	79.177522	0.000000
405	Spectrogram 1	2	2768.400	2768.560	4000.0	18000.0	7617.2	Trill	10.289993	13.215636	NaN	NaN	59.410519	0.000000
408	Spectrogram 1	2	2780.540	2780.660	4000.0	18000.0	6835.9	Trill	10.006922	16.062548	NaN	NaN	78.233616	0.000000
409	Spectrogram 1	3	2794.160	2794.648	4000.0	18000.0	8203.1	Trill	12.765236	16.541355	NaN	NaN	93.543908	0.000000
411	Spectrogram 1	2	2815.810	2815.920	4000.0	18000.0	6835.9	Trill	8.473299	12.108303	NaN	NaN	66.107211	0.000000
413	Spectrogram 1	2	2853.427	2853.704	4000.0	18000.0	7617.2	Trill	8.919565	12.150228	NaN	NaN	72.726033	0.000000
414	Spectrogram 1	2	2876.430	2876.610	4000.0	18000.0	6640.6	Trill	10.087706	13.878330	NaN	NaN	67.310042	0.000000
415	Spectrogram 1	2	2880.580	2880.880	4000.0	18000.0	6445.3	Trill	10.669295	13.508995	NaN	NaN	60.401761	0.000000
416	Spectrogram 1	4	2887.620	2888.160	4000.0	18000.0	7031.2	Trill	15.852231	21.419167	NaN	NaN	122.718557	0.000000
417	Spectrogram 1	2	2902.160	2902.690	4000.0	18000.0	6835.9	Trill	13.285531	18.626280	NaN	NaN	106.407384	0.000000
418	Spectrogram 1	2	2906.870	2907.064	4000.0	18000.0	6640.6	Trill	12.135447	15.796473	NaN	NaN	67.399088	0.000000
423	Spectrogram 1	1	2947.670	2948.295	4000.0	18000.0	6835.9	Trill	10.538367	14.723808	NaN	NaN	72.106318	0.000000
424	Spectrogram 1	1	2968.310	2968.690	4000.0	18000.0	8203.1	Trill	13.448272	18.625416	NaN	NaN	94.781054	0.000000
426	Spectrogram 1	1	2980.440	2980.581	4000.0	18000.0	8593.7	Trill	9.344103	14.431244	NaN	NaN	89.708036	0.000000
427	Spectrogram 1	2	2991.420	2991.730	4000.0	18000.0	6250.0	Trill	9.667228	15.272738	NaN	NaN	56.608694	0.000000
428	Spectrogram 1	1	3002.630	3002.980	4000.0	18000.0	8789.1	Trill	13.421541	19.422747	NaN	NaN	89.172736	0.000000
429	Spectrogram 1	1	3003.100	3003.160	4000.0	18000.0	8789.1	Trill	13.919425	18.882591	NaN	NaN	102.100289	0.000000
430	Spectrogram 1	1	3003.440	3003.530	4000.0	18000.0	8984.4	Trill	11.922900	21.836672	NaN	NaN	109.914758	0.000000
431	Spectrogram 1	2	3007.140	3007.480	4000.0	18000.0	6445.3	Trill	11.435277	15.851035	NaN	NaN	76.087734	0.000000
432	Spectrogram 1	2	3058.310	3058.616	4000.0	18000.0	7421.9	Trill	11.880682	15.414909	NaN	NaN	76.277287	0.000000
439	Spectrogram 1	2	3088.340	3088.637	4000.0	18000.0	6640.6	Trill	7.458615	12.274939	NaN	NaN	54.038989	0.000000
452	Spectrogram 1	3	3174.570	3174.900	4000.0	18000.0	8593.7	Trill	8.121966	12.313887	NaN	NaN	65.170411	0.000000
461	Spectrogram 1	2	3216.090	3216.416	4000.0	18000.0	7421.9	Trill	8.438842	13.502147	NaN	NaN	76.353313	0.000000
483	Spectrogram 1	2	3365.290	3365.450	4000.0	18000.0	7031.2	Trill	12.708765	16.265091	NaN	NaN	89.049449	0.000000
484	Spectrogram 1	2	3369.210	3369.404	4000.0	18000.0	7617.2	Trill	9.997252	13.845864	NaN	NaN	67.926288	0.000000
500	Spectrogram 1	2	3417.230	3417.500	4000.0	18000.0	7812.5	Trill	12.872184	17.107681	NaN	NaN	86.105215	0.000000
520	Spectrogram 1	2	3469.430	3469.784	4000.0	18000.0	6640.6	Trill	8.706763	12.554263	NaN	NaN	57.629913	0.000000
521	Spectrogram 1	2	3473.980	3474.327	4000.0	18000.0	6835.9	Trill	8.197072	13.422586	NaN	NaN	59.358167	0.000000
522	Spectrogram 1	2	3475.470	3475.670	4000.0	18000.0	6250.0	Trill	7.991034	11.270450	NaN	NaN	47.983648	0.000000
523	Spectrogram 1	2	3498.450	3498.570	4000.0	18000.0	7031.2	Trill	7.491949	13.332291	NaN	NaN	59.397506	0.000000
525	Spectrogram 1	2	3502.563	3502.779	4000.0	18000.0	7031.2	Trill	10.710940	13.627911	NaN	NaN	67.761887	0.000000
536	Spectrogram 1	3	3549.340	3549.440	4000.0	18000.0	7421.9	Trill	8.838598	13.956202	NaN	NaN	58.021445	0.000000
537	Spectrogram 1	3	3549.500	3549.759	4000.0	18000.0	7031.2	Trill	8.409445	11.212171	NaN	NaN	63.440639	0.000000
538	Spectrogram 1	2	3569.450	3569.550	4000.0	18000.0	6250.0	Trill	10.913129	14.844144	NaN	NaN	68.230473	0.000000
540	Spectrogram 1	2	3582.220	3582.310	4000.0	18000.0	7812.5	Trill	11.936501	16.437214	NaN	NaN	74.708660	0.000000
542	Spectrogram 1	2	3607.190	3607.427	4000.0	18000.0	7031.2	Trill	11.415209	16.130887	NaN	NaN	64.104465	0.000000
545	Spectrogram 1	2	3645.200	3645.420	4000.0	18000.0	7226.6	Trill	11.921729	18.769867	NaN	NaN	92.413945	0.000000
547	Spectrogram 1	2	3647.540	3647.789	4000.0	18000.0	8007.8	Trill	10.312402	15.302088	NaN	NaN	80.613430	0.000000
548	Spectrogram 1	2	3648.730	3649.029	4000.0	18000.0	6640.6	Trill	9.354875	11.678018	NaN	NaN	60.800228	0.000000
554	Spectrogram 1	4	3675.890	3676.214	4000.0	18000.0	7226.6	Trill	9.910925	17.109138	NaN	NaN	70.166545	0.000000
557	Spectrogram 1	2	3776.909	3777.291	4000.0	18000.0	7031.2	Trill	7.516717	11.280318	NaN	NaN	59.388576	0.000000
560	Spectrogram 1	1	3802.930	3803.100	4000.0	18000.0	7031.2	Trill	22.795691	28.976160	NaN	NaN	184.387879	0.000000
561	Spectrogram 1	1	3803.280	3803.400	4000.0	18000.0	8984.4	Trill	20.524507	27.537594	NaN	NaN	166.357681	0.000000
562	Spectrogram 1	1	3803.540	3803.710	4000.0	18000.0	8789.1	Trill	21.548940	27.994107	NaN	NaN	189.837890	0.000000
563	Spectrogram 1	1	3803.800	3803.900	4000.0	18000.0	8789.1	Trill	22.336007	31.182350	NaN	NaN	192.557679	0.000000
564	Spectrogram 1	1	3804.080	3804.140	4000.0	18000.0	8203.1	Trill	17.701952	22.074280	NaN	NaN	136.180793	0.000000
565	Spectrogram 1	1	3804.230	3804.590	4000.0	18000.0	8789.1	Trill	21.708880	27.656361	NaN	NaN	174.508311	0.000000
587	Spectrogram 1	1	3966.110	3966.312	4000.0	18000.0	8984.4	Trill	11.246506	14.272283	NaN	NaN	84.971114	0.000000
592	Spectrogram 1	1	3974.660	3974.780	4000.0	18000.0	8984.4	Trill	9.360080	12.427181	NaN	NaN	70.473975	0.000000
597	Spectrogram 1	2	3990.750	3990.887	4000.0	18000.0	7031.2	Trill	14.295460	19.588010	NaN	NaN	113.518082	0.000000
598	Spectrogram 1	3	4007.900	4007.990	4000.0	18000.0	6640.6	Trill	10.237579	12.381726	NaN	NaN	75.711496	0.000000
599	Spectrogram 1	2	4015.405	4015.744	4000.0	18000.0	7226.6	Trill	13.024966	16.893805	NaN	NaN	91.918963	0.000000
603	Spectrogram 1	3	4058.050	4058.140	4000.0	18000.0	7031.2	Trill	15.616358	17.599887	NaN	NaN	103.960870	0.000000
604	Spectrogram 1	2	4070.580	4070.670	4000.0	18000.0	7812.5	Trill	8.417523	11.548704	NaN	NaN	67.043622	0.000000
606	Spectrogram 1	2	4094.120	4094.256	4000.0	18000.0	8007.8	Trill	11.536958	17.273225	NaN	NaN	89.562804	0.000000
611	Spectrogram 1	2	4112.390	4112.480	4000.0	18000.0	7812.5	Trill	9.528347	14.250056	NaN	NaN	73.536566	0.000000
612	Spectrogram 1	2	4120.250	4120.554	4000.0	18000.0	7812.5	Trill	8.572379	14.080966	NaN	NaN	69.769103	0.000000
613	Spectrogram 1	2	4121.260	4121.694	4000.0	18000.0	7031.2	Trill	8.229820	11.478159	NaN	NaN	55.761081	0.000000
637	Spectrogram 1	2	4252.410	4252.620	4000.0	18000.0	7031.2	Trill	8.362057	12.946810	NaN	NaN	60.230863	0.000000
640	Spectrogram 1	2	4271.976	4272.167	4000.0	18000.0	6054.7	Trill	8.714283	11.451107	NaN	NaN	49.618168	0.000000
644	Spectrogram 1	2	4302.630	4302.761	4000.0	18000.0	7031.2	Trill	7.728718	10.970203	NaN	NaN	53.692261	0.000000
645	Spectrogram 1	1	4304.790	4304.860	4000.0	18000.0	7617.2	Trill	9.910438	12.542283	NaN	NaN	57.031031	0.000000
646	Spectrogram 1	1	4307.860	4307.940	4000.0	18000.0	7617.2	Trill	10.452344	14.636616	NaN	NaN	79.405190	0.000000
647	Spectrogram 1	1	4308.030	4308.080	4000.0	18000.0	7812.5	Trill	10.013870	15.729907	NaN	NaN	82.213882	0.000000
648	Spectrogram 1	1	4308.240	4308.300	4000.0	18000.0	8593.7	Trill	10.567708	14.662586	NaN	NaN	72.132669	0.000000
649	Spectrogram 1	2	4308.380	4308.620	4000.0	18000.0	5859.4	Trill	9.601623	12.507674	NaN	NaN	55.713647	0.000000
654	Spectrogram 1	2	4314.590	4314.716	4000.0	18000.0	6054.7	Trill	10.974307	13.002355	NaN	NaN	55.892895	0.000000
655	Spectrogram 1	2	4328.790	4328.973	4000.0	18000.0	6835.9	Trill	7.286481	12.334140	NaN	NaN	48.890546	0.000000
667	Spectrogram 1	2	4370.160	4370.486	4000.0	18000.0	6835.9	Trill	8.377132	12.192659	NaN	NaN	59.368029	0.000000
668	Spectrogram 1	2	4414.620	4415.101	4000.0	18000.0	7421.9	Trill	17.157384	22.180828	NaN	NaN	131.837461	0.000000
669	Spectrogram 1	2	4416.430	4416.811	4000.0	18000.0	6835.9	Trill	11.459338	15.698517	NaN	NaN	74.832599	0.000000
670	Spectrogram 1	2	4418.870	4419.098	4000.0	18000.0	6250.0	Trill	13.160732	16.531786	NaN	NaN	75.110596	0.000000
671	Spectrogram 1	2	4421.340	4421.655	4000.0	18000.0	6835.9	Trill	11.784375	15.070776	NaN	NaN	72.455459	0.000000
672	Spectrogram 1	2	4437.680	4437.765	4000.0	18000.0	6835.9	Trill	8.536148	12.919282	NaN	NaN	59.708328	0.000000
707	Spectrogram 1	2	4584.350	4584.554	4000.0	18000.0	7617.2	Trill	14.088672	18.822625	NaN	NaN	97.993936	0.000000
708	Spectrogram 1	2	4587.235	4587.505	4000.0	18000.0	7031.2	Trill	14.882668	18.554604	NaN	NaN	100.659217	0.000000
712	Spectrogram 1	2	4601.148	4601.340	4000.0	18000.0	5859.4	Trill	9.625810	13.095523	NaN	NaN	65.098338	0.000000
714	Spectrogram 1	2	4615.130	4615.298	4000.0	18000.0	6445.3	Trill	9.813119	15.428171	NaN	NaN	66.624349	0.000000
717	Spectrogram 1	2	4629.310	4629.503	4000.0	18000.0	6640.6	Trill	8.026065	12.345715	NaN	NaN	49.990868	0.000000
722	Spectrogram 1	2	4645.020	4645.305	4000.0	18000.0	6835.9	Trill	8.052648	14.224512	NaN	NaN	51.739743	0.000000
727	Spectrogram 1	2	4662.870	4662.976	4000.0	18000.0	7812.5	Trill	12.356593	14.996035	NaN	NaN	71.354062	0.000000
728	Spectrogram 1	2	4664.600	4664.834	4000.0	18000.0	7226.6	Trill	16.430526	19.963285	NaN	NaN	94.200796	0.000000
730	Spectrogram 1	2	4669.420	4669.550	4000.0	18000.0	8007.8	Trill	13.172574	15.052863	NaN	NaN	77.269479	0.000000
731	Spectrogram 1	2	4692.270	4692.380	4000.0	18000.0	6054.7	Trill	16.578147	18.737346	NaN	NaN	104.735745	0.000000
732	Spectrogram 1	2	4709.460	4709.726	4000.0	18000.0	7031.2	Trill	11.242155	16.062944	NaN	NaN	71.513273	0.000000
758	Spectrogram 1	2	4882.840	4882.900	4000.0	18000.0	7226.6	Trill	8.293149	13.000472	NaN	NaN	44.575180	0.000000
760	Spectrogram 1	2	4895.000	4895.110	4000.0	18000.0	7226.6	Trill	13.850892	17.870926	NaN	NaN	86.693244	0.000000
762	Spectrogram 1	1	4911.490	4911.997	4000.0	18000.0	8203.1	Trill	13.322905	16.338629	NaN	NaN	68.675184	0.000000
773	Spectrogram 1	2	4922.250	4922.506	4000.0	18000.0	8007.8	Trill	9.194855	12.648245	NaN	NaN	52.187025	0.000000
782	Spectrogram 1	2	4958.404	4958.565	4000.0	18000.0	6054.7	Trill	8.399786	12.493909	NaN	NaN	55.852918	0.000000
801	Spectrogram 1	3	5001.350	5001.460	4000.0	18000.0	7031.2	Trill	13.638638	17.138361	NaN	NaN	99.934965	0.000000
802	Spectrogram 1	3	5001.510	5001.580	4000.0	18000.0	6640.6	Trill	13.465319	15.218847	NaN	NaN	80.664532	0.000000
803	Spectrogram 1	3	5007.190	5007.290	4000.0	18000.0	6835.9	Trill	11.768813	16.410801	NaN	NaN	95.458621	0.000000
804	Spectrogram 1	3	5007.360	5007.430	4000.0	18000.0	6640.6	Trill	9.626482	13.965111	NaN	NaN	88.223733	0.000000
805	Spectrogram 1	3	5007.500	5007.550	4000.0	18000.0	6250.0	Trill	9.715500	10.734414	NaN	NaN	68.887470	0.000000
806	Spectrogram 1	1	5019.273	5019.709	4000.0	18000.0	7617.2	Trill	17.207937	22.001708	NaN	NaN	117.054604	0.000000
816	Spectrogram 1	2	5062.880	5063.083	4000.0	18000.0	7226.6	Trill	8.644501	12.801786	NaN	NaN	65.729108	0.000000
817	Spectrogram 1	1	5063.960	5064.230	4000.0	18000.0	6250.0	Trill	11.468392	17.043262	NaN	NaN	77.672323	0.000000
818	Spectrogram 1	1	5064.280	5064.340	4000.0	18000.0	7812.5	Trill	9.452913	15.522705	NaN	NaN	66.620044	0.000000
822	Spectrogram 1	2	5072.754	5072.972	4000.0	18000.0	7617.2	Trill	12.597753	14.869551	NaN	NaN	69.827861	0.000000
827	Spectrogram 1	2	5089.590	5089.920	4000.0	18000.0	6835.9	Trill	12.756500	18.005432	NaN	NaN	67.920599	0.000000
834	Spectrogram 1	2	5109.760	5109.920	4000.0	18000.0	8203.1	Trill	9.113002	12.298712	NaN	NaN	60.197793	0.000000
835	Spectrogram 1	2	5111.210	5111.360	4000.0	18000.0	7031.2	Trill	9.822910	12.315849	NaN	NaN	62.044488	0.000000
836	Spectrogram 1	2	5116.170	5116.300	4000.0	18000.0	6835.9	Trill	13.242087	15.525117	NaN	NaN	79.574343	0.000000
837	Spectrogram 1	2	5126.920	5127.033	4000.0	18000.0	7812.5	Trill	11.211000	14.010205	NaN	NaN	67.212924	0.000000
842	Spectrogram 1	2	5148.600	5148.830	4000.0	18000.0	7421.9	Trill	13.292377	16.599516	NaN	NaN	77.383037	0.000000
843	Spectrogram 1	2	5150.650	5150.800	4000.0	18000.0	6445.3	Trill	11.161272	13.843945	NaN	NaN	67.281051	0.000000
845	Spectrogram 1	2	5151.500	5151.781	4000.0	18000.0	6445.3	Trill	9.772468	12.219987	NaN	NaN	58.067715	0.000000
852	Spectrogram 1	4	5215.310	5215.800	4000.0	18000.0	7031.2	Trill	12.827971	17.119796	NaN	NaN	72.295563	0.000000
885	Spectrogram 1	1	5362.680	5362.730	4000.0	18000.0	8789.1	Trill	8.812330	13.889474	NaN	NaN	56.839935	0.000000
901	Spectrogram 1	4	5430.270	5430.710	4000.0	18000.0	7617.2	Trill	9.861302	15.403685	NaN	NaN	64.030131	0.000000
911	Spectrogram 1	2	5551.190	5551.270	4000.0	18000.0	4687.5	Trill	13.550277	16.198299	NaN	NaN	73.460465	0.000000
930	Spectrogram 1	1	4308.429	4308.542	8817.0	11830.4	9179.7	Trill						
106	Spectrogram 1	2	913.400	913.610	4000.0	18000.0	10351.6	Trill-Twitter	8.816211	15.690495	NaN	NaN	67.648916	0.000000
950	Spectrogram 1	4	1499.723	1500.923	4000.0	18000.0	8398.4	Trillphee	7.941065	15.000000	NaN	NaN	115.324786	0.000000
28	Spectrogram 1	2	277.200	277.240	4000.0	18000.0	11718.7	Tse	8.317393	19.927536	NaN	NaN	55.973431	0.000000
48	Spectrogram 1	2	381.960	382.010	4000.0	18000.0	10156.2	Tse	8.393714	15.035834	NaN	NaN	65.499911	0.000000
49	Spectrogram 1	2	384.220	384.270	4000.0	18000.0	9765.6	Tse	9.246531	14.652605	NaN	NaN	66.057320	0.000000
50	Spectrogram 1	2	384.660	384.710	4000.0	18000.0	10156.2	Tse	9.348029	15.808324	NaN	NaN	76.712331	0.000000
51	Spectrogram 1	2	390.940	390.990	4000.0	18000.0	7031.2	Tse	9.660871	14.761276	NaN	NaN	53.549870	0.000000
110	Spectrogram 1	2	914.850	914.890	4000.0	18000.0	7226.6	Tse	8.589539	17.072391	NaN	NaN	77.058430	0.000000
111	Spectrogram 1	2	914.980	915.020	4000.0	18000.0	7421.9	Tse	10.831113	16.298691	NaN	NaN	85.987310	0.000000
132	Spectrogram 1	2	1140.920	1140.980	4000.0	18000.0	6640.6	Tse	9.424434	15.253511	NaN	NaN	51.201626	0.000000
137	Spectrogram 1	2	1156.360	1156.400	4000.0	18000.0	10351.6	Tse	10.294029	16.385678	NaN	NaN	68.864673	0.000000
138	Spectrogram 1	2	1156.760	1156.810	4000.0	18000.0	10351.6	Tse	9.517140	15.910041	NaN	NaN	73.824054	0.000000
140	Spectrogram 1	2	1157.330	1157.370	4000.0	18000.0	9960.9	Tse	11.011164	17.706742	NaN	NaN	82.399172	0.000000
141	Spectrogram 1	2	1160.560	1160.600	4000.0	18000.0	10351.6	Tse	9.322446	15.662540	NaN	NaN	56.508018	0.000000
146	Spectrogram 1	2	1184.000	1184.040	4000.0	18000.0	10351.6	Tse	9.781038	16.624649	NaN	NaN	66.029183	0.000000
160	Spectrogram 1	2	1354.610	1354.650	4000.0	18000.0	9765.6	Tse	10.956951	19.429256	NaN	NaN	77.621082	0.000000
161	Spectrogram 1	2	1354.830	1354.910	4000.0	18000.0	7031.2	Tse	8.394364	11.701464	NaN	NaN	45.089869	0.000000
164	Spectrogram 1	1	1397.200	1397.230	4000.0	18000.0	9179.7	Tse	7.733434	9.701761	NaN	NaN	58.728736	0.000000
196	Spectrogram 1	2	1623.800	1623.850	4000.0	18000.0	7812.5	Tse	9.003618	14.896392	NaN	NaN	58.515490	0.000000
197	Spectrogram 1	2	1624.140	1624.180	4000.0	18000.0	7812.5	Tse	9.251493	14.784998	NaN	NaN	52.561511	0.000000
299	Spectrogram 1	2	2332.750	2332.780	4000.0	18000.0	7031.2	Tse	10.709265	12.882713	NaN	NaN	46.631456	0.000000
319	Spectrogram 1	2	2340.180	2340.210	4000.0	18000.0	6640.6	Tse	8.250092	10.268679	NaN	NaN	47.942062	0.000000
395	Spectrogram 1	2	2722.360	2722.440	4000.0	18000.0	7617.2	Tse	9.175978	14.480416	NaN	NaN	53.614783	0.000000
401	Spectrogram 1	2	2723.490	2723.550	4000.0	18000.0	7031.2	Tse	11.125342	16.323215	NaN	NaN	74.396008	0.000000
403	Spectrogram 1	2	2724.590	2724.640	4000.0	18000.0	6640.6	Tse	10.282318	14.416061	NaN	NaN	50.305171	0.000000
488	Spectrogram 1	1	3389.750	3389.810	4000.0	18000.0	8984.4	Tse	9.969106	17.721524	NaN	NaN	66.889825	0.000000
490	Spectrogram 1	1	3397.080	3397.180	4000.0	18000.0	9375.0	Tse	8.276823	19.091439	NaN	NaN	80.575792	0.000000
509	Spectrogram 1	1	3438.500	3438.540	4000.0	18000.0	10156.2	Tse	9.166581	17.755832	NaN	NaN	48.628647	0.000000
512	Spectrogram 1	1	3441.290	3441.330	4000.0	18000.0	8789.1	Tse	8.173260	12.103904	NaN	NaN	52.421572	0.000000
621	Spectrogram 1	1	4170.850	4170.940	4000.0	18000.0	10351.6	Tse	9.538823	21.500108	NaN	NaN	93.491814	0.000000
636	Spectrogram 1	1	4247.340	4247.420	4000.0	18000.0	10351.6	Tse	8.177592	17.180814	NaN	NaN	50.461944	0.000000
693	Spectrogram 1	2	4533.800	4533.850	4000.0	18000.0	11718.7	Tse	6.977309	10.007248	NaN	NaN	47.858370	0.000000
699	Spectrogram 1	2	4574.610	4574.660	4000.0	18000.0	5859.4	Tse	11.639665	14.170508	NaN	NaN	34.455328	0.000000
709	Spectrogram 1	1	4593.210	4593.260	4000.0	18000.0	9765.6	Tse	11.696627	17.007977	NaN	NaN	87.814600	0.000000
738	Spectrogram 1	1	4726.850	4726.890	4000.0	18000.0	7421.9	Tse	7.586055	11.455157	NaN	NaN	41.304789	0.000000
753	Spectrogram 1	1	4863.470	4863.540	4000.0	18000.0	7812.5	Tse	12.143733	19.974533	NaN	NaN	66.718290	0.000000
789	Spectrogram 1	1	4979.450	4979.510	4000.0	18000.0	8789.1	Tse	12.010051	16.937700	NaN	NaN	101.173576	0.000000
790	Spectrogram 1	1	4981.700	4981.810	4000.0	18000.0	8203.1	Tse	15.352146	19.413339	NaN	NaN	110.203372	0.000000
884	Spectrogram 1	2	5360.050	5360.080	4000.0	18000.0	9765.6	Tse	8.255014	23.451781	NaN	NaN	54.219909	0.000000
904	Spectrogram 1	2	5453.700	5453.760	4000.0	18000.0	9960.9	Tse	9.865381	21.651175	NaN	NaN	85.063424	0.000000
906	Spectrogram 1	2	5494.030	5494.090	4000.0	18000.0	9960.9	Tse	7.799694	18.210119	NaN	NaN	77.001254	0.000000
907	Spectrogram 1	1	5495.190	5495.230	4000.0	18000.0	9375.0	Tse	10.537650	16.454963	NaN	NaN	80.773331	0.000000
910	Spectrogram 1	2	5517.690	5517.740	4000.0	18000.0	4296.9	Tse	8.487170	12.890991	NaN	NaN	54.161454	0.000000
107	Spectrogram 1	2	914.030	914.080	4000.0	18000.0	8398.4	Twitter	8.680956	22.467485	NaN	NaN	51.863383	0.000000
108	Spectrogram 1	2	914.170	914.220	4000.0	18000.0	6835.9	Twitter	9.441118	23.489392	NaN	NaN	52.604216	0.000000
109	Spectrogram 1	2	914.300	914.360	4000.0	18000.0	6640.6	Twitter	8.931598	23.279209	NaN	NaN	57.545278	0.000000
136	Spectrogram 1	2	1155.840	1155.890	4000.0	18000.0	7421.9	Twitter	8.634695	11.167972	NaN	NaN	44.857047	0.000000
323	Spectrogram 1	1	2358.740	2358.849	4000.0	18000.0	11132.8	Twitter	13.116459	21.440544	NaN	NaN	75.755404	0.000000
462	Spectrogram 1	4	3223.160	3223.223	4000.0	18000.0	8789.1	Twitter	13.643088	25.125979	NaN	NaN	80.840518	0.000000
463	Spectrogram 1	4	3223.330	3223.400	4000.0	18000.0	11914.1	Twitter	12.331769	23.752477	NaN	NaN	52.841096	0.000000
464	Spectrogram 1	4	3223.480	3223.550	4000.0	18000.0	6445.3	Twitter	14.345560	25.701944	NaN	NaN	60.776889	0.000000
465	Spectrogram 1	4	3223.620	3223.703	4000.0	18000.0	6445.3	Twitter	9.457652	19.944956	NaN	NaN	57.337214	0.000000
628	Spectrogram 1	4	4223.310	4223.489	4000.0	18000.0	9179.7	Twitter	14.479518	25.705103	NaN	NaN	122.312972	0.000000
629	Spectrogram 1	4	4223.550	4223.607	4000.0	18000.0	7421.9	Twitter	14.684239	25.479487	NaN	NaN	69.048543	0.000000
630	Spectrogram 1	4	4223.680	4223.746	4000.0	18000.0	7226.6	Twitter	14.151972	24.705941	NaN	NaN	58.472270	0.000000
631	Spectrogram 1	4	4223.820	4223.890	4000.0	18000.0	7226.6	Twitter	15.651183	26.576236	NaN	NaN	67.903534	0.000000
632	Spectrogram 1	4	4223.950	4224.016	4000.0	18000.0	7812.5	Twitter	15.124392	25.099280	NaN	NaN	78.979786	0.000000
633	Spectrogram 1	4	4224.070	4224.130	4000.0	18000.0	6640.6	Twitter	13.299286	19.605677	NaN	NaN	92.801892	0.000000
743	Spectrogram 1	4	4824.600	4824.674	4000.0	18000.0	13281.2	Twitter	8.998414	22.230454	NaN	NaN	55.814191	0.000000
744	Spectrogram 1	4	4824.770	4824.830	4000.0	18000.0	7031.2	Twitter	10.414421	24.390832	NaN	NaN	46.472965	0.000000
745	Spectrogram 1	4	4824.920	4824.980	4000.0	18000.0	6640.6	Twitter	11.203450	23.764538	NaN	NaN	55.853493	0.000000
746	Spectrogram 1	4	4825.060	4825.120	4000.0	18000.0	6640.6	Twitter	9.859109	21.729397	NaN	NaN	54.213101	0.000000
747	Spectrogram 1	4	4825.200	4825.250	4000.0	18000.0	6835.9	Twitter	9.143968	20.948440	NaN	NaN	58.845339	0.000000
748	Spectrogram 1	4	4825.310	4825.360	4000.0	18000.0	6640.6	Twitter	7.949094	14.179974	NaN	NaN	57.047399	0.000000
755	Spectrogram 1	4	4880.230	4880.290	4000.0	18000.0	12500.0	Twitter	11.228419	25.150198	NaN	NaN	67.479196	0.000000
756	Spectrogram 1	4	4880.413	4880.468	4000.0	18000.0	7031.2	Twitter	9.087801	20.773355	NaN	NaN	53.499124	0.000000
917	Spectrogram 1	1	2358.910	2358.953	6138.4	14174.1	7617.2	Twitter						
918	Spectrogram 1	1	2359.023	2359.071	5915.2	13058.0	7421.9	Twitter						
919	Spectrogram 1	1	2359.154	2359.188	5803.6	13058.0	7226.6	Twitter						
920	Spectrogram 1	1	2359.271	2359.310	5468.7	12723.2	7226.6	Twitter						
921	Spectrogram 1	1	2359.393	2359.437	5357.1	12500.0	7226.6	Twitter						
922	Spectrogram 1	1	2359.515	2359.559	5357.1	12723.2	7226.6	Twitter						
923	Spectrogram 1	1	2359.633	2359.667	6584.8	11160.7	7031.2	Twitter						
925	Spectrogram 1	4	3223.752	3223.839	4464.3	13839.3	6445.3	Twitter						
926	Spectrogram 1	4	3223.888	3223.956	5468.7	13169.6	7031.2	Twitter						
927	Spectrogram 1	4	3224.005	3224.054	5915.2	10937.5	7617.2	Twitter						
931	Spectrogram 1	4	4880.551	4880.621	4575.9	15067.0	6835.9	Twitter						
932	Spectrogram 1	4	4880.703	4880.760	4241.1	13727.7	6835.9	Twitter						
933	Spectrogram 1	4	4880.830	4880.899	4464.3	13504.5	6445.3	Twitter						
934	Spectrogram 1	4	4880.952	4881.008	5468.7	12723.2	6445.3	Twitter						
936	Spectrogram 1	4	4881.067	4881.123	5915.2	10602.7	7226.6	Twitter						
937	Spectrogram 1	2	913.737	913.783	8986.2	14746.5	10351.6	Twitter						
938	Spectrogram 1	2	913.892	913.943	7949.3	14861.8	10156.2	Twitter						
939	Spectrogram 1	2	914.451	914.506	6106.0	14400.9	6640.6	Twitter						
940	Spectrogram 1	2	914.588	914.648	5760.4	15092.2	6250.0	Twitter						
941	Spectrogram 1	2	914.712	914.781	6106.0	14055.3	6250.0	Twitter						
