Selection	View	Channel	Begin Time (s)	End Time (s)	Low Freq (Hz)	High Freq (Hz)	Max Freq (Hz)	Call Type	Energy Diff	Energy Par	Energy Diff (wl)	Energy Par (wl)	AHR	Exception
67	Spectrogram 1	1	837.168	837.259	6489.3	11635.9	7519.5	P-peep						
434	Spectrogram 1	2	3329.758	3329.773	3448.3	9827.6	6738.3	Peep						
162	Spectrogram 1	2	1726.469	1726.498	5389.5	8838.8	6543.0	Peep						
4	Spectrogram 1	1	66.570	68.760	4000.0	18000.0	8691.4	Phee	6.451736	15.000000	NaN	NaN	178.988375	0.000000
13	Spectrogram 1	4	256.070	258.740	4000.0	18000.0	7519.5	Phee	5.222652	15.000000	NaN	NaN	137.706162	0.000000
21	Spectrogram 1	1	328.824	330.730	4000.0	18000.0	8789.1	Phee	20.746187	39.364204	NaN	NaN	183.357782	0.000000
28	Spectrogram 1	3	435.080	437.400	4000.0	18000.0	7714.8	Phee	4.569412	15.000000	NaN	NaN	70.386385	0.000000
30	Spectrogram 1	4	485.820	485.960	4000.0	18000.0	6933.6	Phee	4.713497	15.000000	NaN	NaN	75.782881	0.000000
49	Spectrogram 1	1	634.060	635.937	7384.3	14544.9	8593.7	Phee						
50	Spectrogram 1	1	656.830	658.726	4000.0	18000.0	8789.1	Phee	5.244210	15.000000	NaN	NaN	133.753960	0.000000
57	Spectrogram 1	1	727.160	729.478	4000.0	18000.0	8886.7	Phee	4.526242	15.000000	NaN	NaN	135.011703	0.000000
59	Spectrogram 1	1	759.060	761.630	4000.0	18000.0	8984.4	Phee	5.780500	15.000000	NaN	NaN	164.613082	0.000000
60	Spectrogram 1	1	771.742	774.132	4000.0	18000.0	8886.7	Phee	5.041005	15.000000	NaN	NaN	128.894312	0.000000
61	Spectrogram 1	4	787.310	787.520	4000.0	18000.0	6640.6	Phee	6.461751	15.000000	NaN	NaN	92.120199	0.000000
62	Spectrogram 1	4	787.580	790.020	4000.0	18000.0	7519.5	Phee	6.198860	15.000000	NaN	NaN	137.790799	0.000000
64	Spectrogram 1	1	812.178	812.252	3693.2	12784.1	8789.1	Phee						
65	Spectrogram 1	1	812.335	812.547	5397.7	13636.4	9082.0	Phee						
68	Spectrogram 1	1	837.325	839.268	4000.0	18000.0	8691.4	Phee	4.888669	15.000000	NaN	NaN	109.656811	0.000000
75	Spectrogram 1	1	958.280	960.131	4000.0	18000.0	8886.7	Phee	5.198743	15.000000	NaN	NaN	123.033587	0.000000
78	Spectrogram 1	1	993.390	995.308	4000.0	18000.0	8984.4	Phee	5.061516	15.000000	NaN	NaN	125.328625	0.000000
81	Spectrogram 1	1	1046.734	1048.612	4000.0	18000.0	8886.7	Phee	6.267820	15.000000	NaN	NaN	121.691727	0.000000
82	Spectrogram 1	1	1053.280	1055.381	4000.0	18000.0	8789.1	Phee	21.458506	42.094135	NaN	NaN	101.880720	0.000000
83	Spectrogram 1	1	1063.990	1066.400	4000.0	18000.0	8789.1	Phee	5.045886	15.000000	NaN	NaN	109.875865	0.000000
84	Spectrogram 1	4	1070.260	1071.720	4000.0	18000.0	7519.5	Phee	5.881805	15.000000	NaN	NaN	113.304234	0.000000
93	Spectrogram 1	1	1082.556	1084.168	5161.3	13225.8	8789.1	Phee						
94	Spectrogram 1	1	1091.883	1093.806	4000.0	18000.0	8691.4	Phee	6.965811	15.000000	NaN	NaN	85.504854	0.000000
95	Spectrogram 1	1	1094.570	1095.766	4000.0	18000.0	8593.7	Phee	6.179578	15.000000	NaN	NaN	111.210132	0.000000
96	Spectrogram 1	1	1113.590	1115.674	4000.0	18000.0	9082.0	Phee	5.356550	15.000000	NaN	NaN	120.839764	0.000000
97	Spectrogram 1	1	1136.950	1138.830	4000.0	18000.0	8886.7	Phee	6.103784	15.000000	NaN	NaN	161.322904	0.000000
100	Spectrogram 1	1	1153.619	1155.818	4000.0	18000.0	8886.7	Phee	6.219245	15.000000	NaN	NaN	146.565217	0.000000
101	Spectrogram 1	1	1197.280	1199.093	4000.0	18000.0	8496.1	Phee	9.517895	15.000000	NaN	NaN	96.601221	0.000000
111	Spectrogram 1	1	1311.770	1313.826	4000.0	18000.0	8789.1	Phee	4.570675	15.000000	NaN	NaN	125.147275	0.000000
117	Spectrogram 1	4	1420.400	1422.750	4000.0	18000.0	7714.8	Phee	5.528620	15.000000	NaN	NaN	139.566060	0.000000
135	Spectrogram 1	1	1484.644	1486.291	4000.0	18000.0	8691.4	Phee	20.138491	37.864787	NaN	NaN	186.378047	0.000000
136	Spectrogram 1	1	1493.700	1495.860	4000.0	18000.0	8984.4	Phee	5.693353	15.000000	NaN	NaN	136.802956	0.000000
139	Spectrogram 1	1	1522.380	1524.379	4000.0	18000.0	9082.0	Phee	4.336835	15.000000	NaN	NaN	127.516087	0.000000
141	Spectrogram 1	1	1545.150	1547.445	4000.0	18000.0	8691.4	Phee	5.343588	15.000000	NaN	NaN	117.219662	0.000000
145	Spectrogram 1	1	1703.715	1705.790	4000.0	18000.0	8886.7	Phee	9.510254	30.056401	NaN	NaN	128.997326	0.000000
163	Spectrogram 1	1	1743.330	1745.341	4000.0	18000.0	9082.0	Phee	23.163124	38.442682	NaN	NaN	101.789137	0.000000
165	Spectrogram 1	1	1783.720	1785.822	4000.0	18000.0	8886.7	Phee	6.617425	15.000000	NaN	NaN	164.796550	0.000000
169	Spectrogram 1	1	1841.456	1841.572	4000.0	18000.0	8691.4	Phee	15.917935	23.345181	NaN	NaN	129.620365	0.000000
170	Spectrogram 1	1	1841.674	1841.731	4261.4	11931.8	8691.4	Phee						
171	Spectrogram 1	1	1841.893	1842.740	4000.0	18000.0	8789.1	Phee	24.986556	39.971244	NaN	NaN	200.326327	0.000000
172	Spectrogram 1	1	1851.112	1853.252	4000.0	18000.0	8789.1	Phee	4.930348	15.000000	NaN	NaN	124.288538	0.000000
174	Spectrogram 1	4	1879.790	1882.480	4000.0	18000.0	7519.5	Phee	5.662941	15.000000	NaN	NaN	152.709161	0.000000
178	Spectrogram 1	1	2060.590	2061.988	4000.0	18000.0	8496.1	Phee	6.621308	15.000000	NaN	NaN	150.790787	0.000000
179	Spectrogram 1	1	2089.660	2089.738	4000.0	18000.0	8105.5	Phee	22.851181	39.009279	NaN	NaN	148.784957	0.000000
180	Spectrogram 1	1	2089.826	2091.669	3125.0	12215.9	8496.1	Phee						
181	Spectrogram 1	1	2098.874	2101.032	4000.0	18000.0	8886.7	Phee	5.401908	15.000000	NaN	NaN	141.825867	0.000000
225	Spectrogram 1	4	2396.340	2398.670	4000.0	18000.0	7617.2	Phee	4.823585	15.000000	NaN	NaN	122.235811	0.000000
242	Spectrogram 1	1	2529.780	2531.550	4000.0	18000.0	8691.4	Phee	21.183079	40.217281	NaN	NaN	184.740332	0.000000
243	Spectrogram 1	1	2539.323	2541.576	4000.0	18000.0	8886.7	Phee	8.950871	15.000000	NaN	NaN	130.781853	0.000000
244	Spectrogram 1	1	2558.767	2560.900	4000.0	18000.0	8886.7	Phee	4.866699	15.000000	NaN	NaN	126.158101	0.000000
275	Spectrogram 1	1	2934.313	2934.370	3977.3	12784.1	9082.0	Phee						
276	Spectrogram 1	1	2939.437	2941.463	4000.0	18000.0	9179.7	Phee	7.860383	15.000000	NaN	NaN	133.673709	0.000000
277	Spectrogram 1	1	2957.870	2959.892	4000.0	18000.0	8886.7	Phee	5.636644	15.000000	NaN	NaN	169.744477	0.000000
299	Spectrogram 1	1	3059.925	3061.926	4000.0	18000.0	8886.7	Phee	5.331211	15.000000	NaN	NaN	166.364390	0.000000
305	Spectrogram 1	1	3171.017	3173.042	4000.0	18000.0	8984.4	Phee	9.146993	15.000000	NaN	NaN	146.986786	0.000000
312	Spectrogram 1	1	3275.130	3277.335	4000.0	18000.0	9179.7	Phee	9.087117	15.000000	NaN	NaN	122.517441	0.000000
313	Spectrogram 1	1	3286.330	3288.361	4000.0	18000.0	8886.7	Phee	5.753939	15.000000	NaN	NaN	167.288614	0.000000
321	Spectrogram 1	1	3309.620	3311.413	4000.0	18000.0	8984.4	Phee	8.981069	15.000000	NaN	NaN	105.947817	0.000000
324	Spectrogram 1	1	3319.704	3321.750	4000.0	18000.0	8691.4	Phee	26.124943	40.188037	NaN	NaN	122.858471	0.000000
356	Spectrogram 1	1	3535.632	3537.556	4000.0	18000.0	9375.0	Phee	23.203331	41.809955	NaN	NaN	150.233164	0.000000
362	Spectrogram 1	1	3744.792	3746.037	4000.0	18000.0	8300.8	Phee	21.759235	37.987834	NaN	NaN	166.781898	0.000000
363	Spectrogram 1	1	3746.178	3746.252	3693.2	12500.0	9375.0	Phee						
364	Spectrogram 1	1	3753.948	3756.107	6713.0	12307.2	8984.4	Phee						
398	Spectrogram 1	1	4605.640	4606.540	4000.0	18000.0	8496.1	Phee	9.874346	16.225677	NaN	NaN	88.299038	0.000000
410	Spectrogram 1	1	4797.186	4797.790	4000.0	18000.0	9179.7	Phee	15.318569	22.784455	NaN	NaN	133.551818	0.000000
411	Spectrogram 1	1	4797.981	4798.050	4000.0	18000.0	7812.5	Phee	11.552272	15.760911	NaN	NaN	105.852050	0.000000
435	Spectrogram 1	2	2747.862	2747.910	1551.7	13620.7	8007.8	Sd-peep						
1	Spectrogram 1	2	22.590	22.770	4000.0	18000.0	8007.8	Trill	11.423599	16.023626	NaN	NaN	64.215508	0.000000
2	Spectrogram 1	1	46.720	46.840	4000.0	18000.0	8886.7	Trill	7.216725	14.619754	NaN	NaN	70.098706	0.000000
5	Spectrogram 1	2	72.160	72.427	4000.0	18000.0	6933.6	Trill	8.592792	13.137894	NaN	NaN	55.553732	0.000000
6	Spectrogram 1	2	211.850	212.127	4000.0	18000.0	8007.8	Trill	13.137786	19.844625	NaN	NaN	85.724090	0.000000
7	Spectrogram 1	4	214.500	214.583	4000.0	18000.0	7324.2	Trill	11.895693	17.577996	NaN	NaN	85.199142	0.000000
8	Spectrogram 1	4	214.606	214.665	6489.3	12083.5	7421.9	Trill						
9	Spectrogram 1	4	214.730	214.790	4000.0	18000.0	7421.9	Trill	14.415968	20.635767	NaN	NaN	108.515052	0.000000
10	Spectrogram 1	2	219.530	219.729	4000.0	18000.0	8007.8	Trill	11.747842	17.881341	NaN	NaN	91.471886	0.000000
11	Spectrogram 1	2	232.300	232.609	4000.0	18000.0	8886.7	Trill	10.738190	16.898516	NaN	NaN	75.410423	0.000000
15	Spectrogram 1	2	272.700	273.050	4000.0	18000.0	8007.8	Trill	8.397317	15.761713	NaN	NaN	66.202289	0.000000
17	Spectrogram 1	2	285.230	285.559	4000.0	18000.0	8593.7	Trill	8.469574	15.404035	NaN	NaN	71.187218	0.000000
18	Spectrogram 1	2	297.276	297.556	4000.0	18000.0	8300.8	Trill	9.470595	18.593039	NaN	NaN	75.392998	0.000000
19	Spectrogram 1	2	299.977	300.210	4000.0	18000.0	7617.2	Trill	11.690202	18.524527	NaN	NaN	88.749281	0.000000
20	Spectrogram 1	2	319.587	319.707	3693.2	11363.6	7812.5	Trill						
22	Spectrogram 1	2	331.250	331.370	4000.0	18000.0	7128.9	Trill	10.717040	17.049056	NaN	NaN	83.567901	0.000000
23	Spectrogram 1	2	333.400	333.720	4000.0	18000.0	7226.6	Trill	9.635862	15.295400	NaN	NaN	69.731216	0.000000
24	Spectrogram 1	2	354.870	355.212	4000.0	18000.0	7421.9	Trill	16.740136	25.129815	NaN	NaN	127.112115	0.000000
25	Spectrogram 1	2	387.748	387.946	4545.5	11079.5	7714.8	Trill						
26	Spectrogram 1	2	390.189	390.320	4000.0	18000.0	7128.9	Trill	10.283478	17.371321	NaN	NaN	69.047398	0.000000
27	Spectrogram 1	3	424.160	424.394	4000.0	18000.0	8789.1	Trill	9.019214	14.379565	NaN	NaN	73.542539	0.000000
29	Spectrogram 1	2	449.195	449.394	4000.0	18000.0	7031.2	Trill	7.079534	12.999943	NaN	NaN	64.730104	0.000000
31	Spectrogram 1	2	508.719	509.010	4000.0	18000.0	8203.1	Trill	14.793701	24.628622	NaN	NaN	94.152128	0.000000
32	Spectrogram 1	2	512.932	513.310	4000.0	18000.0	8496.1	Trill	12.276946	20.271628	NaN	NaN	91.121314	0.000000
33	Spectrogram 1	2	567.619	567.781	2840.9	19318.2	8691.4	Trill						
34	Spectrogram 1	2	586.990	587.210	4000.0	18000.0	8007.8	Trill	8.826627	16.981126	NaN	NaN	76.501708	0.000000
35	Spectrogram 1	2	612.210	612.585	4000.0	18000.0	8789.1	Trill	8.612309	17.372509	NaN	NaN	60.540084	0.000000
36	Spectrogram 1	2	619.840	620.286	4000.0	18000.0	8593.7	Trill	18.657443	27.772539	NaN	NaN	128.486406	0.000000
47	Spectrogram 1	1	622.974	623.050	4000.0	18000.0	8691.4	Trill	15.903969	23.015718	NaN	NaN	112.354367	0.000000
48	Spectrogram 1	4	624.620	624.867	4000.0	18000.0	7519.5	Trill	10.567705	17.893913	NaN	NaN	82.064507	0.000000
52	Spectrogram 1	1	664.430	664.650	4000.0	18000.0	9082.0	Trill	13.341784	19.784836	NaN	NaN	92.569493	0.000000
53	Spectrogram 1	2	691.800	692.147	4000.0	18000.0	7226.6	Trill	8.631192	15.862459	NaN	NaN	74.066384	0.000000
54	Spectrogram 1	2	695.170	695.280	4000.0	18000.0	7128.9	Trill	9.237472	13.253744	NaN	NaN	69.410006	0.000000
55	Spectrogram 1	2	702.800	702.916	4000.0	18000.0	6738.3	Trill	9.532579	13.719451	NaN	NaN	65.064506	0.000000
56	Spectrogram 1	2	718.910	719.029	4000.0	18000.0	7128.9	Trill	8.454270	13.015511	NaN	NaN	61.734832	0.000000
58	Spectrogram 1	2	742.010	742.278	4000.0	18000.0	7519.5	Trill	14.313168	20.649211	NaN	NaN	111.801670	0.000000
63	Spectrogram 1	1	811.995	812.132	4829.5	12784.1	9179.7	Trill						
66	Spectrogram 1	2	832.550	832.800	4000.0	18000.0	8593.7	Trill	6.973717	14.428822	NaN	NaN	65.892665	0.000000
69	Spectrogram 1	2	848.509	848.790	4000.0	18000.0	8105.5	Trill	9.166475	17.060766	NaN	NaN	85.318608	0.000000
70	Spectrogram 1	2	864.280	864.470	4000.0	18000.0	7812.5	Trill	8.451078	12.875484	NaN	NaN	59.415524	0.000000
71	Spectrogram 1	2	866.290	866.657	4000.0	18000.0	7421.9	Trill	11.008679	16.751345	NaN	NaN	72.746728	0.000000
72	Spectrogram 1	2	871.900	872.000	4000.0	18000.0	7128.9	Trill	7.174558	13.176650	NaN	NaN	49.798709	0.000000
73	Spectrogram 1	2	917.080	917.170	4000.0	18000.0	6933.6	Trill	8.680171	13.306388	NaN	NaN	61.241610	0.000000
74	Spectrogram 1	2	948.670	948.906	4000.0	18000.0	7910.2	Trill	9.268623	16.194019	NaN	NaN	59.865747	0.000000
76	Spectrogram 1	2	968.990	969.260	4000.0	18000.0	7714.8	Trill	12.345202	18.618149	NaN	NaN	85.003417	0.000000
77	Spectrogram 1	1	982.925	983.156	4000.0	18000.0	8984.4	Trill	8.084550	17.142138	NaN	NaN	79.026143	0.000000
79	Spectrogram 1	2	1004.250	1004.625	4000.0	18000.0	8007.8	Trill	9.486048	15.634783	NaN	NaN	80.387327	0.000000
80	Spectrogram 1	2	1005.508	1005.740	7384.3	13649.8	7617.2	Trill						
98	Spectrogram 1	2	1149.220	1149.480	4000.0	18000.0	8691.4	Trill	10.433020	17.476182	NaN	NaN	68.409409	0.000000
99	Spectrogram 1	3	1149.976	1150.180	4000.0	18000.0	8496.1	Trill	11.616888	15.431414	NaN	NaN	73.257827	0.000000
102	Spectrogram 1	2	1233.230	1233.480	4000.0	18000.0	8105.5	Trill	7.507520	14.906601	NaN	NaN	63.291840	0.000000
104	Spectrogram 1	1	1234.522	1234.782	4000.0	18000.0	9960.9	Trill	12.927942	17.923340	NaN	NaN	80.602296	0.000000
105	Spectrogram 1	2	1236.970	1237.170	4000.0	18000.0	8105.5	Trill	14.386936	19.611085	NaN	NaN	100.961003	0.000000
106	Spectrogram 1	1	1237.467	1237.711	4000.0	18000.0	9082.0	Trill	10.365923	17.278300	NaN	NaN	85.579646	0.000000
107	Spectrogram 1	2	1250.500	1250.744	4000.0	18000.0	7910.2	Trill	8.760659	13.752607	NaN	NaN	72.820952	0.000000
108	Spectrogram 1	1	1283.720	1283.950	4000.0	18000.0	8593.7	Trill	15.956182	28.504189	NaN	NaN	100.522732	0.000000
109	Spectrogram 1	1	1284.270	1284.497	4000.0	18000.0	8691.4	Trill	14.072431	24.824268	NaN	NaN	99.315472	0.000000
110	Spectrogram 1	1	1285.617	1285.790	4000.0	18000.0	8984.4	Trill	13.730033	25.581217	NaN	NaN	107.495697	0.000000
112	Spectrogram 1	4	1373.762	1374.010	4000.0	18000.0	7324.2	Trill	7.062222	14.454049	NaN	NaN	61.292580	0.000000
113	Spectrogram 1	3	1381.150	1381.655	4000.0	18000.0	6933.6	Trill	11.066291	16.905185	NaN	NaN	86.508692	0.000000
114	Spectrogram 1	3	1402.380	1402.750	4000.0	18000.0	9472.7	Trill	12.271012	17.679029	NaN	NaN	77.421769	0.000000
115	Spectrogram 1	2	1410.960	1411.229	4000.0	18000.0	8300.8	Trill	10.670460	16.182635	NaN	NaN	82.531632	0.000000
116	Spectrogram 1	2	1417.550	1417.857	4000.0	18000.0	8105.5	Trill	9.263147	16.126905	NaN	NaN	94.740951	0.000000
118	Spectrogram 1	2	1429.876	1430.169	4000.0	18000.0	8105.5	Trill	11.722815	18.577480	NaN	NaN	95.838817	0.000000
119	Spectrogram 1	2	1433.070	1433.383	4000.0	18000.0	8105.5	Trill	13.761706	23.143694	NaN	NaN	110.360267	0.000000
121	Spectrogram 1	2	1436.129	1436.171	5397.7	15340.9	8984.4	Trill						
130	Spectrogram 1	3	1438.020	1438.522	4000.0	18000.0	8105.5	Trill	10.035253	17.237480	NaN	NaN	73.842185	0.000000
131	Spectrogram 1	1	1461.003	1461.470	4000.0	18000.0	8593.7	Trill	14.120237	21.157325	NaN	NaN	97.059654	0.000000
132	Spectrogram 1	3	1464.230	1464.720	4000.0	18000.0	7421.9	Trill	11.561448	18.543128	NaN	NaN	79.653612	0.000000
134	Spectrogram 1	3	1471.970	1472.372	4000.0	18000.0	9570.3	Trill	9.150611	16.281597	NaN	NaN	65.481732	0.000000
137	Spectrogram 1	2	1496.489	1496.680	4000.0	18000.0	7324.2	Trill	9.671392	17.211422	NaN	NaN	64.425643	0.000000
138	Spectrogram 1	2	1507.720	1507.922	4000.0	18000.0	7519.5	Trill	11.307501	17.996545	NaN	NaN	70.314064	0.000000
140	Spectrogram 1	2	1533.500	1533.819	4000.0	18000.0	6933.6	Trill	7.764665	12.358803	NaN	NaN	59.459745	0.000000
142	Spectrogram 1	2	1654.770	1655.010	4000.0	18000.0	7324.2	Trill	9.292827	15.510178	NaN	NaN	61.011434	0.000000
143	Spectrogram 1	2	1658.780	1659.065	4000.0	18000.0	7226.6	Trill	8.701346	13.113235	NaN	NaN	60.832780	0.000000
144	Spectrogram 1	2	1699.342	1699.682	4545.5	11931.8	8203.1	Trill						
146	Spectrogram 1	2	1713.185	1713.320	4000.0	18000.0	7812.5	Trill	7.575025	15.058517	NaN	NaN	66.925395	0.000000
147	Spectrogram 1	1	1714.280	1714.538	4000.0	18000.0	8691.4	Trill	14.537575	19.978442	NaN	NaN	93.528729	0.000000
148	Spectrogram 1	1	1716.100	1716.210	4000.0	18000.0	9082.0	Trill	14.763162	20.502710	NaN	NaN	104.143369	0.000000
150	Spectrogram 1	2	1719.330	1719.632	4000.0	18000.0	8203.1	Trill	16.913847	25.176046	NaN	NaN	127.957529	0.000000
151	Spectrogram 1	2	1722.690	1723.030	4000.0	18000.0	7519.5	Trill	8.846725	16.999897	NaN	NaN	72.905032	0.000000
164	Spectrogram 1	2	1769.500	1769.810	4000.0	18000.0	8496.1	Trill	10.852468	17.178282	NaN	NaN	93.133458	0.000000
166	Spectrogram 1	1	1791.008	1791.371	5965.9	12215.9	9668.0	Trill						
167	Spectrogram 1	2	1794.130	1794.330	4000.0	18000.0	7812.5	Trill	11.825245	18.709867	NaN	NaN	93.540711	0.000000
173	Spectrogram 1	2	1854.080	1854.353	4000.0	18000.0	7617.2	Trill	9.038545	14.380561	NaN	NaN	58.310451	0.000000
175	Spectrogram 1	1	2002.960	2003.135	4000.0	18000.0	8593.7	Trill	7.590086	12.385205	NaN	NaN	66.273841	0.000000
177	Spectrogram 1	2	2045.530	2045.730	4000.0	18000.0	8105.5	Trill	10.744894	14.031872	NaN	NaN	63.763249	0.000000
182	Spectrogram 1	1	2110.630	2110.920	4000.0	18000.0	8886.7	Trill	14.387219	23.770369	NaN	NaN	106.266227	0.000000
183	Spectrogram 1	1	2113.090	2113.380	4000.0	18000.0	9082.0	Trill	13.123513	19.781209	NaN	NaN	87.699898	0.000000
184	Spectrogram 1	2	2114.680	2114.799	4000.0	18000.0	7617.2	Trill	9.085188	13.072894	NaN	NaN	51.935098	0.000000
186	Spectrogram 1	3	2131.400	2131.757	4000.0	18000.0	8203.1	Trill	9.615938	15.765589	NaN	NaN	58.094091	0.000000
187	Spectrogram 1	2	2138.356	2138.524	4000.0	18000.0	8300.8	Trill	12.195380	17.473745	NaN	NaN	80.047917	0.000000
200	Spectrogram 1	2	2312.160	2312.410	4000.0	18000.0	7128.9	Trill	11.567719	16.623453	NaN	NaN	80.653678	0.000000
201	Spectrogram 1	2	2327.090	2327.487	4000.0	18000.0	6933.6	Trill	12.091930	20.495803	NaN	NaN	90.698518	0.000000
202	Spectrogram 1	2	2329.750	2330.080	4000.0	18000.0	6835.9	Trill	13.533780	19.412099	NaN	NaN	84.775377	0.000000
203	Spectrogram 1	2	2331.350	2331.593	4000.0	18000.0	7421.9	Trill	12.339863	19.505652	NaN	NaN	90.577012	0.000000
204	Spectrogram 1	2	2346.200	2346.510	4000.0	18000.0	7812.5	Trill	8.846777	13.997384	NaN	NaN	63.340564	0.000000
205	Spectrogram 1	2	2355.780	2356.041	4000.0	18000.0	7714.8	Trill	7.509364	12.192010	NaN	NaN	59.655808	0.000000
206	Spectrogram 1	4	2363.360	2363.600	4000.0	18000.0	7519.5	Trill	14.526440	20.221015	NaN	NaN	103.629411	0.000000
207	Spectrogram 1	2	2363.970	2364.237	4000.0	18000.0	7812.5	Trill	7.755984	12.747731	NaN	NaN	52.359856	0.000000
208	Spectrogram 1	1	2364.497	2364.873	4000.0	18000.0	9765.6	Trill	10.590185	18.720368	NaN	NaN	102.204012	0.000000
209	Spectrogram 1	1	2371.130	2371.326	4000.0	18000.0	9082.0	Trill	12.087019	17.656739	NaN	NaN	96.037981	0.000000
210	Spectrogram 1	1	2371.392	2371.607	8192.1	12288.1	9082.0	Trill						
211	Spectrogram 1	1	2379.989	2380.090	4000.0	18000.0	8886.7	Trill	11.991507	19.405849	NaN	NaN	108.060187	0.000000
224	Spectrogram 1	2	2393.000	2393.372	4000.0	18000.0	7128.9	Trill	11.761132	18.125832	NaN	NaN	86.938618	0.000000
226	Spectrogram 1	2	2413.948	2414.391	4000.0	18000.0	8593.7	Trill	14.786797	21.331066	NaN	NaN	102.866490	0.000000
227	Spectrogram 1	2	2423.073	2423.527	4000.0	18000.0	8105.5	Trill	15.343119	24.079662	NaN	NaN	118.884896	0.000000
237	Spectrogram 1	2	2446.001	2446.241	4000.0	18000.0	7714.8	Trill	8.673171	15.453776	NaN	NaN	70.854580	0.000000
238	Spectrogram 1	2	2450.970	2451.320	4000.0	18000.0	7714.8	Trill	7.038361	13.503092	NaN	NaN	61.030268	0.000000
239	Spectrogram 1	2	2467.750	2468.077	4000.0	18000.0	8691.4	Trill	12.669026	18.358715	NaN	NaN	77.284749	0.000000
240	Spectrogram 1	2	2474.282	2474.567	4000.0	18000.0	8789.1	Trill	8.325004	14.901299	NaN	NaN	63.925606	0.000000
241	Spectrogram 1	2	2521.421	2521.731	4000.0	18000.0	7714.8	Trill	11.905317	18.723841	NaN	NaN	104.697048	0.000000
245	Spectrogram 1	2	2562.470	2562.590	4000.0	18000.0	8007.8	Trill	9.620686	15.379904	NaN	NaN	77.647740	0.000000
246	Spectrogram 1	2	2565.180	2565.453	4000.0	18000.0	7519.5	Trill	8.900753	14.778710	NaN	NaN	65.910558	0.000000
247	Spectrogram 1	1	2606.380	2606.632	4000.0	18000.0	8984.4	Trill	7.180146	13.013477	NaN	NaN	54.227924	0.000000
248	Spectrogram 1	1	2607.590	2607.820	4000.0	18000.0	8789.1	Trill	7.997709	15.177244	NaN	NaN	66.229386	0.000000
249	Spectrogram 1	1	2608.410	2608.600	4000.0	18000.0	8789.1	Trill	9.993502	19.017941	NaN	NaN	82.707301	0.000000
250	Spectrogram 1	2	2745.940	2746.180	4000.0	18000.0	7226.6	Trill	13.097462	19.926193	NaN	NaN	89.124206	0.000000
259	Spectrogram 1	3	2816.864	2817.310	4000.0	18000.0	8691.4	Trill	8.172999	14.157220	NaN	NaN	65.658321	0.000000
260	Spectrogram 1	1	2868.205	2868.530	3977.3	11931.8	8691.4	Trill						
261	Spectrogram 1	2	2890.468	2890.770	4000.0	18000.0	7421.9	Trill	7.229362	13.932475	NaN	NaN	48.715843	0.000000
262	Spectrogram 1	2	2926.420	2926.807	4000.0	18000.0	7128.9	Trill	7.677433	14.293009	NaN	NaN	52.993823	0.000000
263	Spectrogram 1	2	2928.420	2928.820	4000.0	18000.0	6835.9	Trill	7.606867	14.577577	NaN	NaN	52.378669	0.000000
264	Spectrogram 1	2	2929.740	2930.040	4000.0	18000.0	7324.2	Trill	8.520086	15.298987	NaN	NaN	54.133071	0.000000
274	Spectrogram 1	1	2934.110	2934.220	4000.0	18000.0	9570.3	Trill	10.962581	20.209157	NaN	NaN	89.125847	0.000000
279	Spectrogram 1	2	3028.210	3028.782	4000.0	18000.0	7714.8	Trill	13.695797	20.382796	NaN	NaN	100.773308	0.000000
280	Spectrogram 1	1	3042.380	3042.480	4000.0	18000.0	9375.0	Trill	11.072483	18.655486	NaN	NaN	95.211192	0.000000
300	Spectrogram 1	2	3109.190	3109.390	4000.0	18000.0	8007.8	Trill	13.018189	19.249245	NaN	NaN	82.211627	0.000000
301	Spectrogram 1	3	3126.812	3127.031	4000.0	18000.0	7421.9	Trill	7.462823	11.840612	NaN	NaN	54.586536	0.000000
302	Spectrogram 1	3	3127.072	3127.126	6467.4	10563.5	8105.5	Trill						
303	Spectrogram 1	2	3143.043	3143.291	4000.0	18000.0	8105.5	Trill	9.182538	15.697159	NaN	NaN	70.489198	0.000000
304	Spectrogram 1	1	3167.803	3168.253	4000.0	18000.0	7421.9	Trill	22.699077	29.032725	NaN	NaN	162.095905	0.000000
306	Spectrogram 1	2	3186.653	3186.771	4000.0	18000.0	7617.2	Trill	16.539060	21.897726	NaN	NaN	114.574825	0.000000
307	Spectrogram 1	2	3190.526	3190.953	4000.0	18000.0	7714.8	Trill	15.263634	23.115380	NaN	NaN	122.577308	0.000000
308	Spectrogram 1	2	3191.760	3192.160	4000.0	18000.0	7812.5	Trill	12.947094	19.295638	NaN	NaN	97.880133	0.000000
309	Spectrogram 1	4	3193.399	3193.494	6251.9	13150.5	7812.5	Trill						
310	Spectrogram 1	4	3193.540	3193.600	4000.0	18000.0	7910.2	Trill	7.834408	12.545955	NaN	NaN	72.099700	0.000000
314	Spectrogram 1	1	3293.191	3293.514	4000.0	18000.0	7714.8	Trill	14.963999	19.616296	NaN	NaN	83.850955	0.000000
315	Spectrogram 1	1	3295.540	3295.700	4000.0	18000.0	9082.0	Trill	15.063215	22.513377	NaN	NaN	109.506320	0.000000
316	Spectrogram 1	1	3297.133	3297.302	4000.0	18000.0	9082.0	Trill	13.363700	18.692880	NaN	NaN	91.782687	0.000000
317	Spectrogram 1	2	3298.908	3299.360	4000.0	18000.0	8398.4	Trill	16.463214	25.518714	NaN	NaN	134.185484	0.000000
318	Spectrogram 1	1	3299.530	3299.887	4000.0	18000.0	9179.7	Trill	14.011119	20.114345	NaN	NaN	94.151405	0.000000
322	Spectrogram 1	1	3315.934	3316.030	4000.0	18000.0	9082.0	Trill	10.549772	19.750686	NaN	NaN	69.361386	0.000000
323	Spectrogram 1	2	3317.960	3318.381	4000.0	18000.0	7617.2	Trill	9.488025	15.744666	NaN	NaN	71.519343	0.000000
336	Spectrogram 1	3	3333.380	3333.470	4000.0	18000.0	7910.2	Trill	9.729768	14.420973	NaN	NaN	60.097951	0.000000
337	Spectrogram 1	2	3400.060	3400.240	4000.0	18000.0	7617.2	Trill	12.004268	18.303855	NaN	NaN	76.034082	0.000000
338	Spectrogram 1	4	3408.690	3408.773	4000.0	18000.0	7519.5	Trill	10.559752	17.277626	NaN	NaN	91.189988	0.000000
339	Spectrogram 1	3	3409.410	3409.490	4000.0	18000.0	8105.5	Trill	9.383490	14.798513	NaN	NaN	62.653980	0.000000
340	Spectrogram 1	3	3409.540	3409.740	4000.0	18000.0	8105.5	Trill	9.016737	12.394575	NaN	NaN	56.061412	0.000000
341	Spectrogram 1	1	3448.490	3448.750	4000.0	18000.0	8984.4	Trill	13.588050	20.812839	NaN	NaN	97.566632	0.000000
342	Spectrogram 1	2	3464.670	3464.800	4000.0	18000.0	7617.2	Trill	8.177789	13.053858	NaN	NaN	63.434318	0.000000
343	Spectrogram 1	1	3465.999	3466.170	4000.0	18000.0	8886.7	Trill	10.243766	14.563745	NaN	NaN	65.325054	0.000000
355	Spectrogram 1	3	3531.840	3532.410	4000.0	18000.0	7812.5	Trill	7.418981	14.235867	NaN	NaN	64.247687	0.000000
357	Spectrogram 1	1	3594.547	3594.705	4000.0	18000.0	8886.7	Trill	8.445382	13.682156	NaN	NaN	51.505048	0.000000
358	Spectrogram 1	4	3676.200	3676.420	4000.0	18000.0	7226.6	Trill	8.306200	16.695694	NaN	NaN	64.709547	0.000000
359	Spectrogram 1	2	3684.150	3684.353	4000.0	18000.0	7324.2	Trill	9.856934	15.618704	NaN	NaN	55.884211	0.000000
360	Spectrogram 1	2	3704.830	3705.040	4000.0	18000.0	7421.9	Trill	10.949984	16.084705	NaN	NaN	70.901602	0.000000
361	Spectrogram 1	4	3721.290	3721.516	4000.0	18000.0	7421.9	Trill	14.701433	21.676796	NaN	NaN	115.076443	0.000000
365	Spectrogram 1	1	3777.900	3778.150	4000.0	18000.0	8203.1	Trill	13.041241	19.343561	NaN	NaN	68.865606	0.000000
366	Spectrogram 1	2	3797.460	3797.670	4000.0	18000.0	7128.9	Trill	9.754633	15.506774	NaN	NaN	66.161303	0.000000
367	Spectrogram 1	2	3839.510	3839.940	4000.0	18000.0	7031.2	Trill	8.410935	16.111068	NaN	NaN	67.510472	0.000000
368	Spectrogram 1	3	3843.680	3844.380	4000.0	18000.0	7421.9	Trill	10.301344	16.241886	NaN	NaN	79.958859	0.000000
369	Spectrogram 1	1	3854.321	3854.710	4000.0	18000.0	8691.4	Trill	17.367252	22.919773	NaN	NaN	133.092699	0.000000
370	Spectrogram 1	1	3860.460	3861.105	4000.0	18000.0	8496.1	Trill	15.693992	21.276428	NaN	NaN	126.292061	0.000000
371	Spectrogram 1	1	3883.366	3883.730	4000.0	18000.0	8984.4	Trill	17.692731	24.461839	NaN	NaN	145.017842	0.000000
372	Spectrogram 1	1	3884.926	3885.140	4000.0	18000.0	8984.4	Trill	16.602030	23.252280	NaN	NaN	134.696833	0.000000
373	Spectrogram 1	2	3904.350	3904.865	4000.0	18000.0	7714.8	Trill	11.114808	17.262982	NaN	NaN	86.023157	0.000000
374	Spectrogram 1	2	3949.430	3949.556	4000.0	18000.0	7324.2	Trill	7.251228	15.256407	NaN	NaN	75.826139	0.000000
375	Spectrogram 1	2	3957.111	3957.350	4000.0	18000.0	7617.2	Trill	8.572024	14.008925	NaN	NaN	65.273126	0.000000
376	Spectrogram 1	2	4079.790	4080.119	4000.0	18000.0	7324.2	Trill	8.225399	12.667832	NaN	NaN	56.320387	0.000000
377	Spectrogram 1	2	4080.750	4081.054	4000.0	18000.0	7128.9	Trill	10.625864	14.221441	NaN	NaN	68.252719	0.000000
379	Spectrogram 1	1	4223.930	4223.995	4000.0	18000.0	7519.5	Trill	10.158956	14.646938	NaN	NaN	79.697766	0.000000
380	Spectrogram 1	1	4224.053	4224.106	6754.5	12428.8	7617.2	Trill						
381	Spectrogram 1	1	4224.180	4224.230	4000.0	18000.0	8007.8	Trill	11.192813	15.084064	NaN	NaN	83.283273	0.000000
382	Spectrogram 1	1	4224.430	4224.490	4000.0	18000.0	8496.1	Trill	11.217911	15.002028	NaN	NaN	78.725669	0.000000
383	Spectrogram 1	1	4259.892	4259.941	4000.0	18000.0	8496.1	Trill	9.750354	13.157006	NaN	NaN	66.287752	0.000000
384	Spectrogram 1	3	4262.040	4262.150	4000.0	18000.0	7910.2	Trill	7.580547	13.622146	NaN	NaN	58.081696	0.000000
385	Spectrogram 1	3	4292.400	4292.510	4000.0	18000.0	7421.9	Trill	10.607840	15.727213	NaN	NaN	72.336439	0.000000
386	Spectrogram 1	3	4296.780	4296.870	4000.0	18000.0	7617.2	Trill	12.803139	15.961603	NaN	NaN	77.191647	0.000000
387	Spectrogram 1	3	4297.060	4297.120	4000.0	18000.0	6347.7	Trill	8.131919	9.026898	NaN	NaN	51.680438	0.000000
388	Spectrogram 1	4	4381.890	4382.294	4000.0	18000.0	8203.1	Trill	10.438768	16.471292	NaN	NaN	89.287388	0.000000
389	Spectrogram 1	1	4477.240	4477.380	4000.0	18000.0	8789.1	Trill	9.549092	15.856780	NaN	NaN	69.315072	0.000000
390	Spectrogram 1	1	4477.440	4477.500	4000.0	18000.0	8691.4	Trill	8.905235	13.333763	NaN	NaN	68.749312	0.000000
392	Spectrogram 1	1	4479.840	4479.943	4000.0	18000.0	8691.4	Trill	10.610212	16.022507	NaN	NaN	76.038794	0.000000
393	Spectrogram 1	1	4482.760	4482.850	4000.0	18000.0	8691.4	Trill	9.143265	14.390213	NaN	NaN	60.194791	0.000000
394	Spectrogram 1	4	4505.461	4505.530	4000.0	18000.0	7128.9	Trill	11.309537	16.099877	NaN	NaN	85.658943	0.000000
395	Spectrogram 1	2	4515.240	4515.439	4000.0	18000.0	6347.7	Trill	8.779980	16.808499	NaN	NaN	75.118830	0.000000
396	Spectrogram 1	3	4526.440	4526.520	4000.0	18000.0	7617.2	Trill	9.713333	15.080982	NaN	NaN	62.894044	0.000000
397	Spectrogram 1	1	4595.820	4596.443	4000.0	18000.0	7910.2	Trill	12.611970	17.617604	NaN	NaN	78.249119	0.000000
399	Spectrogram 1	1	4607.530	4607.720	4000.0	18000.0	8593.7	Trill	6.978516	11.108020	NaN	NaN	51.885200	0.000000
400	Spectrogram 1	1	4609.520	4609.642	4000.0	18000.0	9179.7	Trill	7.577885	11.901573	NaN	NaN	53.688702	0.000000
402	Spectrogram 1	2	4654.400	4654.490	4000.0	18000.0	7226.6	Trill	8.306197	12.033911	NaN	NaN	53.301045	0.000000
403	Spectrogram 1	1	4713.300	4713.520	4000.0	18000.0	8691.4	Trill	10.078446	16.578086	NaN	NaN	71.483168	0.000000
404	Spectrogram 1	1	4715.242	4715.345	4000.0	18000.0	9179.7	Trill	10.136485	16.594826	NaN	NaN	86.605048	0.000000
405	Spectrogram 1	1	4715.870	4715.970	4000.0	18000.0	8691.4	Trill	8.863110	12.913955	NaN	NaN	72.148753	0.000000
406	Spectrogram 1	1	4737.700	4737.770	4000.0	18000.0	8984.4	Trill	11.884161	17.792407	NaN	NaN	88.400856	0.000000
408	Spectrogram 1	3	4780.600	4780.660	4000.0	18000.0	6835.9	Trill	7.333758	10.253365	NaN	NaN	44.398523	0.000000
412	Spectrogram 1	1	4801.899	4801.994	4000.0	18000.0	8691.4	Trill	13.707335	17.867405	NaN	NaN	94.370204	0.000000
424	Spectrogram 1	4	4858.760	4858.989	4000.0	18000.0	7324.2	Trill	14.414294	19.525807	NaN	NaN	101.842862	0.000000
432	Spectrogram 1	1	4943.500	4943.825	4000.0	18000.0	9277.3	Trill	9.459642	14.081278	NaN	NaN	73.210820	0.000000
344	Spectrogram 1	1	3475.410	3475.579	4000.0	18000.0	11230.5	Trill-Twitter	9.249144	22.023223	NaN	NaN	45.067478	0.000000
265	Spectrogram 1	2	2932.490	2932.630	4000.0	18000.0	10546.9	Trill-Twitter	8.600411	16.294147	NaN	NaN	58.645515	0.000000
120	Spectrogram 1	2	1435.834	1436.010	4000.0	18000.0	10546.9	Trill-twitter	8.430944	17.861814	NaN	NaN	74.844002	0.000000
289	Spectrogram 1	2	3055.871	3056.040	4000.0	18000.0	10449.2	Trill-twitter	14.802022	25.774401	NaN	NaN	123.949603	0.000000
85	Spectrogram 1	2	1073.716	1074.068	3871.0	12903.2	10546.9	Trill-twitter						
3	Spectrogram 1	1	47.630	47.720	4000.0	18000.0	9082.0	Trillphee	11.670089	18.439921	NaN	NaN	96.846591	0.000000
12	Spectrogram 1	4	241.000	242.360	4000.0	18000.0	8203.1	Trillphee	11.769006	24.292969	NaN	NaN	121.503313	0.000000
14	Spectrogram 1	1	268.480	269.088	4000.0	18000.0	8398.4	Trillphee	14.579457	24.460204	NaN	NaN	130.007057	0.000000
16	Spectrogram 1	1	275.960	276.565	4000.0	18000.0	8886.7	Trillphee	9.439621	17.179418	NaN	NaN	82.721415	0.000000
51	Spectrogram 1	1	663.400	663.650	4000.0	18000.0	8691.4	Trillphee	13.908390	21.841258	NaN	NaN	101.692728	0.000000
103	Spectrogram 1	1	1233.810	1234.290	4000.0	18000.0	8886.7	Trillphee	10.640407	19.816817	NaN	NaN	105.367590	0.000000
133	Spectrogram 1	1	1469.670	1470.309	4000.0	18000.0	8691.4	Trillphee	11.483510	24.160615	NaN	NaN	113.225322	0.000000
149	Spectrogram 1	1	1718.410	1718.480	4000.0	18000.0	8886.7	Trillphee	9.075579	14.919162	NaN	NaN	62.586828	0.000000
168	Spectrogram 1	1	1832.270	1832.520	4000.0	18000.0	8691.4	Trillphee	13.656015	20.940560	NaN	NaN	123.744026	0.000000
176	Spectrogram 1	1	2009.450	2009.552	4000.0	18000.0	9472.7	Trillphee	11.124696	18.639789	NaN	NaN	81.496481	0.000000
185	Spectrogram 1	1	2115.220	2115.280	4000.0	18000.0	9082.0	Trillphee	13.721316	17.682796	NaN	NaN	104.454674	0.000000
278	Spectrogram 1	1	2993.290	2995.430	4000.0	18000.0	8886.7	Trillphee	12.057533	34.915662	NaN	NaN	148.073357	0.000000
311	Spectrogram 1	1	3269.358	3270.459	4000.0	18000.0	7714.8	Trillphee	22.883508	34.337939	NaN	NaN	185.142835	0.000000
319	Spectrogram 1	1	3300.780	3300.896	4000.0	18000.0	8984.4	Trillphee	11.942272	20.746489	NaN	NaN	90.605633	0.000000
320	Spectrogram 1	1	3302.330	3302.440	4000.0	18000.0	9082.0	Trillphee	13.147052	19.205885	NaN	NaN	95.100028	0.000000
378	Spectrogram 1	1	4219.380	4220.290	4000.0	18000.0	8886.7	Trillphee	12.410141	19.769794	NaN	NaN	113.003672	0.000000
391	Spectrogram 1	1	4478.030	4478.100	4000.0	18000.0	8691.4	Trillphee	7.472564	11.404988	NaN	NaN	56.642524	0.000000
401	Spectrogram 1	1	4621.080	4621.331	4000.0	18000.0	9277.3	Trillphee	12.080569	19.246565	NaN	NaN	105.019652	0.000000
407	Spectrogram 1	4	4749.200	4750.404	4000.0	18000.0	8300.8	Trillphee	10.674271	20.948463	NaN	NaN	105.151108	0.000000
409	Spectrogram 1	1	4795.720	4797.000	4000.0	18000.0	7910.2	Trillphee	15.851673	23.813414	NaN	NaN	136.909267	0.000000
431	Spectrogram 1	4	4890.640	4891.680	4000.0	18000.0	8105.5	Trillphee	11.116145	20.320899	NaN	NaN	110.650572	0.000000
433	Spectrogram 1	4	4975.940	4977.140	4000.0	18000.0	8203.1	Trillphee	10.096877	20.228663	NaN	NaN	98.379565	0.000000
37	Spectrogram 1	2	621.190	621.220	4000.0	18000.0	11132.8	Twitter	12.690164	17.376987	NaN	NaN	84.434421	0.000000
38	Spectrogram 1	2	621.355	621.399	4000.0	18000.0	9375.0	Twitter	9.071494	23.632741	NaN	NaN	64.519750	0.000000
39	Spectrogram 1	2	621.505	621.553	4000.0	18000.0	8984.4	Twitter	7.788883	22.725860	NaN	NaN	60.493927	0.000000
40	Spectrogram 1	2	621.643	621.700	4000.0	18000.0	8789.1	Twitter	12.131097	26.734093	NaN	NaN	74.792309	0.000000
41	Spectrogram 1	2	621.780	621.840	4000.0	18000.0	8496.1	Twitter	12.698987	27.441211	NaN	NaN	65.287781	0.000000
42	Spectrogram 1	2	621.918	621.980	4000.0	18000.0	8398.4	Twitter	11.469956	26.109122	NaN	NaN	62.803013	0.000000
43	Spectrogram 1	2	622.057	622.117	4000.0	18000.0	8300.8	Twitter	7.809319	21.398919	NaN	NaN	62.853288	0.000000
44	Spectrogram 1	2	622.186	622.248	3693.2	13636.4	7910.2	Twitter						
45	Spectrogram 1	2	622.320	622.370	4000.0	18000.0	7031.2	Twitter	8.923800	18.407756	NaN	NaN	77.261660	0.000000
46	Spectrogram 1	2	622.452	622.499	5818.0	9622.0	7031.2	Twitter						
86	Spectrogram 1	2	1074.177	1074.220	4000.0	18000.0	9375.0	Twitter	10.641761	24.280016	NaN	NaN	82.787327	0.000000
87	Spectrogram 1	2	1074.329	1074.377	4000.0	18000.0	8789.1	Twitter	10.694413	23.920975	NaN	NaN	70.215790	0.000000
88	Spectrogram 1	2	1074.472	1074.525	3977.3	13920.5	8886.7	Twitter						
89	Spectrogram 1	2	1074.613	1074.664	4261.4	13920.5	6543.0	Twitter						
90	Spectrogram 1	2	1074.749	1074.802	4261.4	14488.6	6347.7	Twitter						
91	Spectrogram 1	2	1074.881	1074.941	4829.5	12215.9	6250.0	Twitter						
92	Spectrogram 1	2	1075.022	1075.066	5397.7	11363.6	7324.2	Twitter						
122	Spectrogram 1	2	1436.284	1436.326	4000.0	18000.0	8984.4	Twitter	10.463350	25.466419	NaN	NaN	74.026556	0.000000
123	Spectrogram 1	2	1436.425	1436.470	4000.0	18000.0	8886.7	Twitter	10.746732	26.355985	NaN	NaN	65.072047	0.000000
124	Spectrogram 1	2	1436.566	1436.620	4000.0	18000.0	8496.1	Twitter	11.089057	27.542920	NaN	NaN	61.692984	0.000000
125	Spectrogram 1	2	1436.709	1436.767	2840.9	15625.0	8789.1	Twitter						
126	Spectrogram 1	2	1436.850	1436.912	1988.6	15056.8	7617.2	Twitter						
127	Spectrogram 1	2	1436.984	1437.048	2840.9	14488.6	7714.8	Twitter						
128	Spectrogram 1	2	1437.125	1437.185	3409.1	11931.8	7519.5	Twitter						
129	Spectrogram 1	2	1437.263	1437.307	4000.0	18000.0	7031.2	Twitter	10.144112	21.416039	NaN	NaN	71.242385	0.000000
152	Spectrogram 1	2	1725.065	1725.110	4000.0	18000.0	12890.6	Twitter	12.337680	27.358467	NaN	NaN	74.821111	0.000000
153	Spectrogram 1	2	1725.224	1725.265	4000.0	18000.0	9668.0	Twitter	9.356009	23.058645	NaN	NaN	57.287230	0.000000
154	Spectrogram 1	2	1725.370	1725.418	4000.0	18000.0	8593.7	Twitter	13.017634	26.117150	NaN	NaN	60.862565	0.000000
155	Spectrogram 1	2	1725.519	1725.566	4261.4	15340.9	8593.7	Twitter						
156	Spectrogram 1	2	1725.651	1725.707	3693.2	14772.7	8593.7	Twitter						
157	Spectrogram 1	2	1725.792	1725.843	3977.3	15056.8	8593.7	Twitter						
158	Spectrogram 1	2	1725.924	1725.979	2840.9	14488.6	8300.8	Twitter						
159	Spectrogram 1	2	1726.062	1726.118	2272.7	13352.3	8007.8	Twitter						
160	Spectrogram 1	2	1726.187	1726.242	4545.5	12500.0	7714.8	Twitter						
161	Spectrogram 1	2	1726.328	1726.365	4000.0	18000.0	7031.2	Twitter	8.861594	15.456385	NaN	NaN	61.589688	0.000000
188	Spectrogram 1	1	2294.758	2294.822	4000.0	18000.0	11035.2	Twitter	8.334909	22.211195	NaN	NaN	42.000853	0.000000
189	Spectrogram 1	1	2294.907	2294.944	6251.9	15521.9	7812.5	Twitter						
190	Spectrogram 1	1	2295.033	2295.066	5605.1	15090.7	7324.2	Twitter						
191	Spectrogram 1	1	2295.165	2295.207	5605.1	15953.0	7324.2	Twitter						
192	Spectrogram 1	1	2295.289	2295.339	4742.8	15521.9	7226.6	Twitter						
193	Spectrogram 1	1	2295.420	2295.469	5389.5	16168.6	7226.6	Twitter						
194	Spectrogram 1	1	2295.542	2295.593	4742.8	14443.9	7226.6	Twitter						
195	Spectrogram 1	1	2295.670	2295.717	4527.2	14875.1	7226.6	Twitter						
196	Spectrogram 1	1	2295.792	2295.843	4742.8	14875.1	7226.6	Twitter						
197	Spectrogram 1	1	2295.905	2295.957	5389.5	13797.2	7128.9	Twitter						
198	Spectrogram 1	1	2296.011	2296.054	5820.7	13150.5	7910.2	Twitter						
199	Spectrogram 1	1	2296.122	2296.151	6683.0	10779.1	7128.9	Twitter						
212	Spectrogram 1	1	2382.615	2382.657	4000.0	18000.0	11523.4	Twitter	13.059302	27.198235	NaN	NaN	70.885912	0.000000
213	Spectrogram 1	1	2382.743	2382.766	4000.0	18000.0	8007.8	Twitter	10.737634	20.591065	NaN	NaN	50.594460	0.000000
214	Spectrogram 1	1	2382.867	2382.893	1704.5	13920.5	7519.5	Twitter						
215	Spectrogram 1	1	2382.999	2383.031	4545.5	15056.8	7421.9	Twitter						
216	Spectrogram 1	1	2383.128	2383.168	3693.2	16477.3	7324.2	Twitter						
217	Spectrogram 1	1	2383.260	2383.299	4261.4	17329.5	7226.6	Twitter						
218	Spectrogram 1	1	2383.385	2383.424	3409.1	15909.1	7226.6	Twitter						
219	Spectrogram 1	1	2383.502	2383.544	3409.1	16193.2	7128.9	Twitter						
220	Spectrogram 1	1	2383.618	2383.662	1988.6	14488.6	7031.2	Twitter						
221	Spectrogram 1	1	2383.726	2383.770	4829.5	12784.1	7031.2	Twitter						
222	Spectrogram 1	1	2383.842	2383.877	6818.2	12215.9	8007.8	Twitter						
223	Spectrogram 1	1	2383.957	2383.983	5681.8	10795.5	7714.8	Twitter						
228	Spectrogram 1	2	2426.241	2426.276	4000.0	18000.0	11328.1	Twitter	13.959914	23.974351	NaN	NaN	116.835181	0.000000
229	Spectrogram 1	2	2426.391	2426.437	4000.0	18000.0	9863.3	Twitter	10.899757	28.272261	NaN	NaN	85.827973	0.000000
230	Spectrogram 1	2	2426.539	2426.590	4000.0	18000.0	9472.7	Twitter	13.579737	29.667607	NaN	NaN	77.164176	0.000000
231	Spectrogram 1	2	2426.684	2426.733	4000.0	18000.0	9082.0	Twitter	8.551807	22.533279	NaN	NaN	54.990453	0.000000
232	Spectrogram 1	2	2426.818	2426.872	3977.3	15340.9	8886.7	Twitter						
233	Spectrogram 1	2	2426.959	2427.017	2840.9	14488.6	8593.7	Twitter						
234	Spectrogram 1	2	2427.096	2427.150	4000.0	18000.0	8496.1	Twitter	16.878094	30.656002	NaN	NaN	87.879452	0.000000
235	Spectrogram 1	2	2427.232	2427.289	4000.0	18000.0	8203.1	Twitter	9.310884	22.268496	NaN	NaN	78.075697	0.000000
236	Spectrogram 1	2	2427.380	2427.410	4000.0	18000.0	8203.1	Twitter	12.236173	21.530940	NaN	NaN	103.159579	0.000000
251	Spectrogram 1	2	2746.399	2746.470	4000.0	18000.0	10253.9	Twitter	9.525448	15.302551	NaN	NaN	75.470526	0.000000
252	Spectrogram 1	2	2746.559	2746.593	4000.0	18000.0	11621.1	Twitter	7.691102	22.481975	NaN	NaN	77.199111	0.000000
253	Spectrogram 1	2	2746.709	2746.748	4000.0	18000.0	8593.7	Twitter	8.512874	22.567421	NaN	NaN	56.844742	0.000000
254	Spectrogram 1	2	2746.854	2746.898	4000.0	18000.0	8593.7	Twitter	9.179020	22.330628	NaN	NaN	62.835067	0.000000
255	Spectrogram 1	2	2746.984	2747.030	4000.0	18000.0	8593.7	Twitter	11.842599	24.636626	NaN	NaN	74.784787	0.000000
256	Spectrogram 1	2	2747.110	2747.160	4000.0	18000.0	8007.8	Twitter	13.592121	23.890715	NaN	NaN	83.945916	0.000000
257	Spectrogram 1	2	2747.242	2747.282	4000.0	18000.0	7324.2	Twitter	11.912514	18.229123	NaN	NaN	95.608884	0.000000
258	Spectrogram 1	2	2747.379	2747.408	5389.5	9054.4	7910.2	Twitter						
266	Spectrogram 1	2	2932.730	2932.780	4000.0	18000.0	10351.6	Twitter	8.415219	23.008656	NaN	NaN	50.400162	0.000000
267	Spectrogram 1	2	2932.880	2932.940	4000.0	18000.0	8593.7	Twitter	8.193288	21.986804	NaN	NaN	53.352780	0.000000
268	Spectrogram 1	2	2933.020	2933.080	4000.0	18000.0	8789.1	Twitter	9.260908	22.796306	NaN	NaN	56.216412	0.000000
269	Spectrogram 1	2	2933.168	2933.222	5605.1	15737.4	8789.1	Twitter						
270	Spectrogram 1	2	2933.304	2933.362	6251.9	14659.5	6445.3	Twitter						
271	Spectrogram 1	2	2933.441	2933.494	5605.1	14012.8	8007.8	Twitter						
272	Spectrogram 1	2	2933.573	2933.618	6251.9	14443.9	7812.5	Twitter						
273	Spectrogram 1	2	2933.690	2933.730	4000.0	18000.0	7128.9	Twitter	8.319930	14.342111	NaN	NaN	60.415126	0.000000
281	Spectrogram 1	4	3049.382	3049.422	4000.0	18000.0	8593.7	Twitter	8.914270	19.273345	NaN	NaN	70.047581	0.000000
282	Spectrogram 1	4	3049.520	3049.580	4000.0	18000.0	8300.8	Twitter	11.625669	23.600379	NaN	NaN	64.590494	0.000000
283	Spectrogram 1	4	3049.670	3049.727	4000.0	18000.0	6835.9	Twitter	10.986208	23.150489	NaN	NaN	52.018541	0.000000
284	Spectrogram 1	4	3049.819	3049.876	4000.0	18000.0	6738.3	Twitter	7.938951	18.408686	NaN	NaN	43.167838	0.000000
285	Spectrogram 1	4	3049.967	3050.025	4096.0	16168.6	6543.0	Twitter						
286	Spectrogram 1	4	3050.098	3050.162	4000.0	18000.0	6543.0	Twitter	10.420063	21.558811	NaN	NaN	55.582724	0.000000
287	Spectrogram 1	4	3050.230	3050.302	4000.0	18000.0	6445.3	Twitter	10.679145	20.834050	NaN	NaN	65.662504	0.000000
288	Spectrogram 1	4	3050.380	3050.430	4000.0	18000.0	6445.3	Twitter	9.832173	16.288675	NaN	NaN	69.201234	0.000000
290	Spectrogram 1	2	3056.142	3056.180	4000.0	18000.0	9570.3	Twitter	12.963033	25.353054	NaN	NaN	90.975904	0.000000
291	Spectrogram 1	2	3056.289	3056.329	3125.0	15625.0	8789.1	Twitter						
292	Spectrogram 1	2	3056.426	3056.472	4829.5	15340.9	6640.6	Twitter						
293	Spectrogram 1	2	3056.564	3056.620	2840.9	14772.7	6543.0	Twitter						
294	Spectrogram 1	2	3056.696	3056.754	4261.4	15625.0	8496.1	Twitter						
295	Spectrogram 1	2	3056.832	3056.894	3409.1	13920.5	8203.1	Twitter						
296	Spectrogram 1	2	3056.964	3057.026	3125.0	12784.1	6152.3	Twitter						
297	Spectrogram 1	2	3057.100	3057.150	4000.0	18000.0	7128.9	Twitter	11.674047	20.832925	NaN	NaN	98.728122	0.000000
298	Spectrogram 1	2	3057.247	3057.280	5605.1	10347.9	6933.6	Twitter						
325	Spectrogram 1	2	3328.160	3328.216	4000.0	18000.0	11328.1	Twitter	8.493566	27.842876	NaN	NaN	82.612374	0.000000
326	Spectrogram 1	2	3328.322	3328.370	2556.8	16193.2	9277.3	Twitter						
327	Spectrogram 1	2	3328.470	3328.516	4829.5	15909.1	9179.7	Twitter						
328	Spectrogram 1	2	3328.618	3328.661	2556.8	14204.5	8203.1	Twitter						
329	Spectrogram 1	2	3328.756	3328.807	2840.9	15909.1	8203.1	Twitter						
330	Spectrogram 1	2	3328.899	3328.950	3409.1	15625.0	8105.5	Twitter						
331	Spectrogram 1	2	3329.040	3329.098	3693.2	14772.7	7910.2	Twitter						
332	Spectrogram 1	2	3329.183	3329.241	1704.5	15909.1	8105.5	Twitter						
333	Spectrogram 1	2	3329.317	3329.384	5681.8	14204.5	7714.8	Twitter						
334	Spectrogram 1	2	3329.458	3329.516	3693.2	12215.9	7519.5	Twitter						
335	Spectrogram 1	2	3329.604	3329.640	4000.0	18000.0	7226.6	Twitter	7.603251	19.802374	NaN	NaN	84.093111	0.000000
345	Spectrogram 1	1	3475.636	3475.683	6547.3	15495.2	8105.5	Twitter						
346	Spectrogram 1	1	3475.780	3475.812	5892.6	17459.4	7519.5	Twitter						
347	Spectrogram 1	1	3475.914	3475.949	5674.3	17677.7	7324.2	Twitter						
348	Spectrogram 1	1	3476.043	3476.087	4801.3	17459.4	7324.2	Twitter						
349	Spectrogram 1	1	3476.177	3476.221	5456.1	18332.4	7421.9	Twitter						
350	Spectrogram 1	1	3476.306	3476.353	4801.3	17459.4	7324.2	Twitter						
351	Spectrogram 1	1	3476.420	3476.473	4572.0	16357.2	7421.9	Twitter						
352	Spectrogram 1	1	3476.543	3476.587	5226.8	13956.5	7324.2	Twitter						
353	Spectrogram 1	1	3476.654	3476.698	5881.5	14829.5	7421.9	Twitter						
354	Spectrogram 1	1	3476.762	3476.800	6536.2	13083.5	8105.5	Twitter						
413	Spectrogram 1	1	4823.372	4823.401	4000.0	18000.0	11035.2	Twitter	8.165060	16.714563	NaN	NaN	50.810146	0.000000
414	Spectrogram 1	1	4823.492	4823.521	6754.5	14829.5	8203.1	Twitter						
415	Spectrogram 1	1	4823.623	4823.652	5663.3	14829.5	7812.5	Twitter						
416	Spectrogram 1	1	4823.752	4823.787	5663.3	14829.5	7714.8	Twitter						
417	Spectrogram 1	1	4823.889	4823.921	5445.0	13738.2	7617.2	Twitter						
418	Spectrogram 1	1	4824.015	4824.047	5663.3	13301.8	7617.2	Twitter						
419	Spectrogram 1	1	4824.138	4824.173	6099.7	13520.0	7617.2	Twitter						
420	Spectrogram 1	1	4824.255	4824.290	5881.5	15265.9	7519.5	Twitter						
421	Spectrogram 1	1	4824.369	4824.407	6099.7	14393.0	7421.9	Twitter						
422	Spectrogram 1	1	4824.483	4824.521	6972.7	11992.3	8300.8	Twitter						
423	Spectrogram 1	1	4824.608	4824.626	7409.2	11119.3	8105.5	Twitter						
425	Spectrogram 1	4	4873.430	4873.526	4000.0	18000.0	8300.8	Twitter	12.040216	26.432744	NaN	NaN	92.835005	0.000000
426	Spectrogram 1	4	4873.600	4873.660	4000.0	18000.0	7226.6	Twitter	11.170807	24.878293	NaN	NaN	52.640375	0.000000
427	Spectrogram 1	4	4873.740	4873.800	4000.0	18000.0	7128.9	Twitter	9.979116	22.493440	NaN	NaN	48.812484	0.000000
428	Spectrogram 1	4	4873.880	4873.952	4000.0	18000.0	7031.2	Twitter	9.194397	20.806912	NaN	NaN	45.559461	0.000000
429	Spectrogram 1	4	4874.020	4874.097	4000.0	18000.0	7519.5	Twitter	9.574194	19.961243	NaN	NaN	61.189817	0.000000
430	Spectrogram 1	4	4874.180	4874.230	4000.0	18000.0	6445.3	Twitter	8.989504	15.496465	NaN	NaN	76.956809	0.000000
