Selection	View	Channel	Begin Time (s)	End Time (s)	Low Freq (Hz)	High Freq (Hz)	Max Freq (Hz)	Call Type	Energy Diff	Energy Par	Energy Diff (wl)	Energy Par (wl)	AHR	Exception
33	Spectrogram 1	1	132.630	132.690	4000.0	18000.0	9179.7	P-peep	9.718351	17.407368	NaN	NaN	100.238840	0.000000
34	Spectrogram 1	1	132.770	132.830	4000.0	18000.0	9277.3	P-peep	9.787700	19.132000	NaN	NaN	96.424645	0.000000
73	Spectrogram 1	1	605.140	605.210	4000.0	18000.0	8789.1	P-peep	8.054199	18.784094	NaN	NaN	78.841765	0.000000
81	Spectrogram 1	1	645.910	645.990	4000.0	18000.0	8398.4	P-peep	7.323851	17.349964	NaN	NaN	71.569597	0.000000
89	Spectrogram 1	1	702.880	702.980	4000.0	18000.0	8496.1	P-peep	8.618119	20.161449	NaN	NaN	95.296112	0.000000
90	Spectrogram 1	1	703.060	703.270	4000.0	18000.0	8691.4	P-peep	7.744518	16.818232	NaN	NaN	81.215966	0.000000
128	Spectrogram 1	1	1087.270	1087.330	4000.0	18000.0	8300.8	P-peep	7.310319	14.970750	NaN	NaN	61.678568	0.000000
314	Spectrogram 1	1	2287.240	2287.360	4000.0	18000.0	8496.1	P-peep	7.057071	18.818857	NaN	NaN	78.958758	0.000000
488	Spectrogram 1	1	3124.150	3124.340	4000.0	18000.0	8984.4	P-peep	9.223937	22.476274	NaN	NaN	106.186747	0.000000
547	Spectrogram 1	1	3497.040	3497.100	4000.0	18000.0	8691.4	P-peep	9.969064	17.655751	NaN	NaN	81.053465	0.000000
569	Spectrogram 1	1	3645.850	3645.950	4000.0	18000.0	8691.4	P-peep	8.454543	17.731796	NaN	NaN	107.379072	0.000000
584	Spectrogram 1	1	3714.000	3714.060	4000.0	18000.0	9179.7	P-peep	9.477459	22.470102	NaN	NaN	88.504821	0.000000
622	Spectrogram 1	1	3980.850	3980.950	4000.0	18000.0	8593.7	P-peep	10.900408	16.287938	NaN	NaN	88.875522	0.000000
623	Spectrogram 1	1	3981.050	3981.160	4000.0	18000.0	8496.1	P-peep	8.084495	18.114450	NaN	NaN	86.207396	0.000000
624	Spectrogram 1	1	3981.610	3981.710	4000.0	18000.0	9082.0	P-peep	9.082857	20.897579	NaN	NaN	97.394235	0.000000
643	Spectrogram 1	1	4044.616	4044.687	4000.0	18000.0	8691.4	P-peep	17.004636	29.516631	NaN	NaN	134.838051	0.000000
661	Spectrogram 1	1	4108.550	4108.640	4000.0	18000.0	8789.1	P-peep	7.820314	18.638596	NaN	NaN	88.067579	0.000000
667	Spectrogram 1	1	4138.120	4138.170	4000.0	18000.0	8789.1	P-peep	7.221889	15.355297	NaN	NaN	71.781617	0.000000
770	Spectrogram 1	1	4044.807	4044.865	8035.7	11383.9	8691.4	P-peep						
772	Spectrogram 1	1	4045.584	4045.675	9151.8	9486.6	9179.7	P-peep						
773	Spectrogram 1	1	4045.765	4045.830	8035.7	10714.3	8691.4	P-peep						
782	Spectrogram 1	1	3683.526	3683.571	6919.6	10602.7	7519.5	P-peep						
768	Spectrogram 1	2	4634.442	4634.867	7732.0	11597.9	8398.4	Phee						
769	Spectrogram 1	2	4635.035	4635.340	7603.1	10953.6	8007.8	Phee						
771	Spectrogram 1	1	4044.969	4045.513	8370.5	12388.4	8789.1	Phee						
774	Spectrogram 1	4	2502.028	2503.560	4000.0	18000.0	7617.2	Phee	4.508059	15.000000	NaN	NaN	67.539671	0.000000
775	Spectrogram 1	4	2503.880	2505.020	4000.0	18000.0	7128.9	Phee	6.682484	15.000000	NaN	NaN	94.365471	0.000000
776	Spectrogram 1	4	3312.030	3313.780	4000.0	18000.0	8300.8	Phee	4.905928	15.000000	NaN	NaN	112.296791	0.000000
777	Spectrogram 1	1	3683.660	3685.590	4000.0	18000.0	8691.4	Phee	6.347427	15.000000	NaN	NaN	148.022209	0.000000
778	Spectrogram 1	3	4031.530	4031.680	4000.0	18000.0	6152.3	Phee	3.047768	13.763927	NaN	NaN	56.420009	0.000000
779	Spectrogram 1	1	4044.190	4044.326	4000.0	18000.0	8300.8	Phee	9.632445	15.000000	NaN	NaN	118.777921	0.000000
780	Spectrogram 1	1	4316.680	4318.460	4000.0	18000.0	8789.1	Phee	4.976853	15.000000	NaN	NaN	101.186151	0.000000
5	Spectrogram 1	2	25.690	25.780	4000.0	18000.0	6445.3	Sd-peep	8.717635	15.456657	NaN	NaN	60.194461	0.000000
39	Spectrogram 1	1	175.000	175.050	4000.0	18000.0	9082.0	Sd-peep	8.696984	13.970550	NaN	NaN	61.663178	0.000000
60	Spectrogram 1	1	432.010	432.070	4000.0	18000.0	8691.4	Sd-peep	7.048252	15.306771	NaN	NaN	75.055784	0.000000
74	Spectrogram 1	1	611.770	611.830	4000.0	18000.0	8105.5	Sd-peep	8.087122	13.808277	NaN	NaN	55.371373	0.000000
175	Spectrogram 1	4	1361.320	1361.370	4000.0	18000.0	7519.5	Sd-peep	10.043711	16.544764	NaN	NaN	73.879798	0.000000
276	Spectrogram 1	1	2046.230	2046.270	4000.0	18000.0	8886.7	Sd-peep	8.578110	16.173240	NaN	NaN	64.511081	0.000000
282	Spectrogram 1	1	2098.290	2098.340	4000.0	18000.0	8691.4	Sd-peep	7.936684	12.648967	NaN	NaN	47.583085	0.000000
283	Spectrogram 1	1	2104.490	2104.540	4000.0	18000.0	8886.7	Sd-peep	6.992043	13.858265	NaN	NaN	68.209871	0.000000
295	Spectrogram 1	1	2170.310	2170.370	4000.0	18000.0	9082.0	Sd-peep	7.167918	18.162803	NaN	NaN	57.419885	0.000000
302	Spectrogram 1	1	2193.460	2193.530	4000.0	18000.0	10156.2	Sd-peep	7.876589	15.743109	NaN	NaN	60.793303	0.000000
499	Spectrogram 1	1	3161.750	3161.830	4000.0	18000.0	9472.7	Sd-peep	14.474479	21.242526	NaN	NaN	102.451121	0.000000
715	Spectrogram 1	2	4460.669	4460.750	4000.0	18000.0	7324.2	Sd-peep	10.662915	16.266046	NaN	NaN	52.564518	0.000000
1	Spectrogram 1	1	10.290	10.370	4000.0	18000.0	9179.7	Trill	7.338215	12.492853	NaN	NaN	56.763276	0.000000
6	Spectrogram 1	1	35.510	35.700	4000.0	18000.0	7031.2	Trill	14.724078	19.148282	NaN	NaN	94.494304	0.000000
7	Spectrogram 1	1	35.790	35.850	4000.0	18000.0	7519.5	Trill	11.994586	17.620412	NaN	NaN	80.778518	0.000000
8	Spectrogram 1	1	41.310	41.430	4000.0	18000.0	8984.4	Trill	10.760264	15.750165	NaN	NaN	79.906006	0.000000
17	Spectrogram 1	2	77.392	77.483	4000.0	18000.0	7031.2	Trill	9.316357	13.492432	NaN	NaN	53.033324	0.000000
18	Spectrogram 1	1	77.468	77.700	4000.0	18000.0	7324.2	Trill	7.633000	15.408528	NaN	NaN	74.031427	0.000000
19	Spectrogram 1	1	77.780	77.850	4000.0	18000.0	8496.1	Trill	9.418123	15.015479	NaN	NaN	80.545323	0.000000
25	Spectrogram 1	2	102.237	102.347	4000.0	18000.0	6835.9	Trill	8.928158	12.957796	NaN	NaN	57.987723	0.000000
26	Spectrogram 1	2	109.360	109.550	4000.0	18000.0	6835.9	Trill	11.583121	15.364832	NaN	NaN	66.277964	0.000000
35	Spectrogram 1	2	145.410	145.500	4000.0	18000.0	6250.0	Trill	7.188675	11.926467	NaN	NaN	43.094286	0.000000
36	Spectrogram 1	1	149.510	149.590	4000.0	18000.0	8789.1	Trill	10.936581	17.808815	NaN	NaN	87.217310	0.000000
37	Spectrogram 1	1	149.970	150.080	4000.0	18000.0	9082.0	Trill	7.109768	12.599088	NaN	NaN	64.756704	0.000000
40	Spectrogram 1	1	180.870	181.190	4000.0	18000.0	7812.5	Trill	8.830595	14.927801	NaN	NaN	63.361128	0.000000
41	Spectrogram 1	4	186.271	186.558	4000.0	18000.0	11132.8	Trill	8.503940	13.244778	NaN	NaN	46.993125	0.000000
42	Spectrogram 1	2	208.520	208.630	4000.0	18000.0	5957.0	Trill	10.159309	13.319905	NaN	NaN	54.978714	0.000000
47	Spectrogram 1	2	272.220	272.330	4000.0	18000.0	6250.0	Trill	10.115660	14.024229	NaN	NaN	57.882210	0.000000
48	Spectrogram 1	2	291.940	292.050	4000.0	18000.0	6054.7	Trill	7.950089	12.943414	NaN	NaN	47.226776	0.000000
49	Spectrogram 1	2	314.220	314.380	4000.0	18000.0	6835.9	Trill	11.945341	16.150098	NaN	NaN	65.427523	0.000000
50	Spectrogram 1	2	317.460	317.550	4000.0	18000.0	6054.7	Trill	10.078704	14.823902	NaN	NaN	63.649152	0.000000
53	Spectrogram 1	2	376.602	376.746	4000.0	18000.0	7617.2	Trill	9.250554	13.636215	NaN	NaN	60.559484	0.000000
54	Spectrogram 1	3	377.460	377.520	4000.0	18000.0	6445.3	Trill	11.612204	16.025202	NaN	NaN	81.132594	0.000000
56	Spectrogram 1	4	414.150	414.630	4000.0	18000.0	7617.2	Trill	12.432380	19.949075	NaN	NaN	70.480503	0.000000
57	Spectrogram 1	3	415.390	415.440	4000.0	18000.0	6738.3	Trill	9.631608	14.306215	NaN	NaN	58.467566	0.000000
58	Spectrogram 1	2	418.340	418.400	4000.0	18000.0	7421.9	Trill	10.683095	18.152568	NaN	NaN	72.326629	0.000000
59	Spectrogram 1	2	420.610	420.700	4000.0	18000.0	6738.3	Trill	11.209586	14.774330	NaN	NaN	59.616752	0.000000
61	Spectrogram 1	2	454.420	454.571	4000.0	18000.0	6933.6	Trill	9.203908	12.427659	NaN	NaN	53.782060	0.000000
62	Spectrogram 1	1	460.800	460.930	4000.0	18000.0	8398.4	Trill	7.989318	12.853153	NaN	NaN	55.022490	0.000000
66	Spectrogram 1	2	493.120	493.210	4000.0	18000.0	7031.2	Trill	11.835780	14.903223	NaN	NaN	65.119354	0.000000
68	Spectrogram 1	2	500.510	500.630	4000.0	18000.0	6347.7	Trill	14.926855	17.988661	NaN	NaN	77.784284	0.000000
71	Spectrogram 1	2	602.530	602.771	4000.0	18000.0	7421.9	Trill	10.089468	15.514959	NaN	NaN	59.880599	0.000000
72	Spectrogram 1	2	603.730	603.850	4000.0	18000.0	7421.9	Trill	12.571457	16.470771	NaN	NaN	65.533802	0.000000
75	Spectrogram 1	2	615.940	616.000	4000.0	18000.0	7421.9	Trill	11.596167	19.485959	NaN	NaN	86.182912	0.000000
76	Spectrogram 1	2	617.790	617.890	4000.0	18000.0	7910.2	Trill	10.209356	14.457451	NaN	NaN	65.299740	0.000000
77	Spectrogram 1	2	628.350	628.680	4000.0	18000.0	5957.0	Trill	12.535357	16.071696	NaN	NaN	66.944614	0.000000
78	Spectrogram 1	2	630.330	630.580	4000.0	18000.0	5957.0	Trill	11.616332	14.598445	NaN	NaN	62.656029	0.000000
84	Spectrogram 1	3	658.300	658.360	4000.0	18000.0	7128.9	Trill	13.146555	16.505940	NaN	NaN	86.201463	0.000000
86	Spectrogram 1	4	685.220	685.470	4000.0	18000.0	7226.6	Trill	9.742097	15.952790	NaN	NaN	65.296629	0.000000
87	Spectrogram 1	3	690.810	690.850	4000.0	18000.0	6347.7	Trill	9.186211	11.603443	NaN	NaN	50.455336	0.000000
91	Spectrogram 1	2	733.590	733.700	4000.0	18000.0	7910.2	Trill	9.539362	13.947030	NaN	NaN	62.503138	0.000000
92	Spectrogram 1	4	751.860	752.230	4000.0	18000.0	7226.6	Trill	8.795500	16.135588	NaN	NaN	72.252296	0.000000
93	Spectrogram 1	3	753.060	753.120	4000.0	18000.0	6543.0	Trill	7.733369	10.452588	NaN	NaN	52.411562	0.000000
94	Spectrogram 1	4	770.980	771.229	4000.0	18000.0	7324.2	Trill	8.358933	15.048729	NaN	NaN	48.923859	0.000000
100	Spectrogram 1	2	851.480	851.650	4000.0	18000.0	6250.0	Trill	10.900390	14.628273	NaN	NaN	64.917396	0.000000
101	Spectrogram 1	3	852.870	852.971	4000.0	18000.0	7324.2	Trill	11.383522	16.063578	NaN	NaN	71.203645	0.000000
108	Spectrogram 1	2	889.520	889.832	4000.0	18000.0	6835.9	Trill	10.779349	13.958288	NaN	NaN	65.925823	0.000000
112	Spectrogram 1	2	931.100	931.220	4000.0	18000.0	8007.8	Trill	11.073734	16.812755	NaN	NaN	68.768209	0.000000
115	Spectrogram 1	4	949.060	949.490	4000.0	18000.0	7910.2	Trill	8.721069	15.842183	NaN	NaN	64.271519	0.000000
119	Spectrogram 1	2	998.660	998.740	4000.0	18000.0	8007.8	Trill	10.215313	13.751520	NaN	NaN	56.087257	0.000000
124	Spectrogram 1	2	1047.650	1047.750	4000.0	18000.0	7128.9	Trill	9.913768	15.875240	NaN	NaN	61.043416	0.000000
125	Spectrogram 1	2	1050.420	1050.600	4000.0	18000.0	7714.8	Trill	10.630908	14.583652	NaN	NaN	61.868145	0.000000
127	Spectrogram 1	3	1064.410	1064.520	4000.0	18000.0	7617.2	Trill	7.795739	13.376523	NaN	NaN	53.733101	0.000000
135	Spectrogram 1	3	1142.610	1143.010	4000.0	18000.0	7519.5	Trill	7.167384	12.433845	NaN	NaN	52.740017	0.000000
137	Spectrogram 1	2	1148.630	1148.780	4000.0	18000.0	7812.5	Trill	7.077495	13.359954	NaN	NaN	56.766970	0.000000
139	Spectrogram 1	3	1155.860	1155.920	4000.0	18000.0	7128.9	Trill	8.245800	12.332660	NaN	NaN	50.601906	0.000000
145	Spectrogram 1	3	1182.130	1182.180	4000.0	18000.0	7910.2	Trill	7.543971	9.600729	NaN	NaN	45.970342	0.000000
151	Spectrogram 1	2	1239.680	1239.900	4000.0	18000.0	7910.2	Trill	11.451447	15.292759	NaN	NaN	64.380483	0.000000
152	Spectrogram 1	2	1245.040	1245.362	4000.0	18000.0	7226.6	Trill	10.332758	13.700173	NaN	NaN	63.254485	0.000000
156	Spectrogram 1	1	1268.005	1268.192	4000.0	18000.0	7031.2	Trill	16.214323	19.125619	NaN	NaN	96.859679	0.000000
157	Spectrogram 1	2	1272.870	1272.950	4000.0	18000.0	6835.9	Trill	10.783302	13.536616	NaN	NaN	60.051856	0.000000
160	Spectrogram 1	3	1284.570	1284.930	4000.0	18000.0	7421.9	Trill	9.870546	14.184143	NaN	NaN	65.529206	0.000000
161	Spectrogram 1	3	1292.190	1292.290	4000.0	18000.0	9277.3	Trill	7.534395	11.801671	NaN	NaN	53.025094	0.000000
162	Spectrogram 1	2	1298.710	1298.830	4000.0	18000.0	6347.7	Trill	8.439276	13.089345	NaN	NaN	55.797872	0.000000
164	Spectrogram 1	2	1322.140	1322.200	4000.0	18000.0	7910.2	Trill	12.400640	15.130274	NaN	NaN	72.809735	0.000000
165	Spectrogram 1	2	1327.720	1327.770	4000.0	18000.0	7421.9	Trill	9.799529	16.036369	NaN	NaN	64.981759	0.000000
166	Spectrogram 1	3	1335.020	1335.480	4000.0	18000.0	7812.5	Trill	9.957017	15.924638	NaN	NaN	61.924586	0.000000
182	Spectrogram 1	3	1372.610	1372.810	4000.0	18000.0	8300.8	Trill	8.636058	13.049452	NaN	NaN	64.942496	0.000000
183	Spectrogram 1	2	1402.230	1402.320	4000.0	18000.0	7128.9	Trill	7.017549	12.529450	NaN	NaN	54.328140	0.000000
184	Spectrogram 1	2	1407.790	1407.920	4000.0	18000.0	7031.2	Trill	9.529887	13.321802	NaN	NaN	50.922050	0.000000
186	Spectrogram 1	2	1422.010	1422.110	4000.0	18000.0	6640.6	Trill	7.186237	12.454886	NaN	NaN	44.117261	0.000000
187	Spectrogram 1	1	1428.456	1429.020	4000.0	18000.0	7617.2	Trill	8.274514	16.594827	NaN	NaN	66.475378	0.000000
189	Spectrogram 1	1	1443.100	1443.530	4000.0	18000.0	7714.8	Trill	17.129364	21.669412	NaN	NaN	102.172541	0.000000
190	Spectrogram 1	1	1448.550	1449.040	4000.0	18000.0	7617.2	Trill	14.850168	20.306256	NaN	NaN	98.671931	0.000000
191	Spectrogram 1	2	1450.990	1451.070	4000.0	18000.0	7324.2	Trill	10.131286	13.857941	NaN	NaN	52.516656	0.000000
194	Spectrogram 1	2	1467.980	1468.330	4000.0	18000.0	6543.0	Trill	7.506848	11.110194	NaN	NaN	43.533316	0.000000
195	Spectrogram 1	1	1468.890	1468.970	4000.0	18000.0	6347.7	Trill	9.951521	15.019342	NaN	NaN	51.434699	0.000000
200	Spectrogram 1	2	1506.310	1506.460	4000.0	18000.0	7617.2	Trill	9.072583	14.867108	NaN	NaN	62.262694	0.000000
201	Spectrogram 1	3	1507.540	1507.740	4000.0	18000.0	8886.7	Trill	8.988598	14.304456	NaN	NaN	62.199058	0.000000
202	Spectrogram 1	3	1507.800	1508.040	4000.0	18000.0	8007.8	Trill	9.297640	12.660212	NaN	NaN	50.351915	0.000000
203	Spectrogram 1	2	1517.310	1517.400	4000.0	18000.0	7519.5	Trill	7.394971	11.877029	NaN	NaN	48.214636	0.000000
207	Spectrogram 1	2	1529.590	1529.910	4000.0	18000.0	6543.0	Trill	12.509472	16.354758	NaN	NaN	73.620623	0.000000
208	Spectrogram 1	2	1536.120	1536.250	4000.0	18000.0	7128.9	Trill	14.763097	18.915712	NaN	NaN	74.263774	0.000000
209	Spectrogram 1	3	1537.520	1537.692	4000.0	18000.0	8398.4	Trill	8.898213	14.242635	NaN	NaN	64.829341	0.000000
210	Spectrogram 1	3	1540.890	1540.950	4000.0	18000.0	8496.1	Trill	10.369036	15.191978	NaN	NaN	65.562241	0.000000
213	Spectrogram 1	3	1571.580	1572.196	4000.0	18000.0	8007.8	Trill	9.923471	15.877995	NaN	NaN	65.165483	0.000000
222	Spectrogram 1	2	1636.270	1636.360	4000.0	18000.0	7031.2	Trill	8.712638	12.378255	NaN	NaN	50.141161	0.000000
223	Spectrogram 1	2	1649.800	1649.880	4000.0	18000.0	6835.9	Trill	9.201398	12.900950	NaN	NaN	49.355363	0.000000
229	Spectrogram 1	1	1695.233	1695.360	4000.0	18000.0	8398.4	Trill	14.106431	18.961670	NaN	NaN	80.964995	0.000000
230	Spectrogram 1	1	1695.420	1695.480	4000.0	18000.0	6738.3	Trill	8.641310	10.697172	NaN	NaN	51.115297	0.000000
231	Spectrogram 1	1	1695.580	1695.650	4000.0	18000.0	6054.7	Trill	7.966563	12.548161	NaN	NaN	59.794002	0.000000
232	Spectrogram 1	1	1708.710	1708.960	4000.0	18000.0	7421.9	Trill	10.881456	17.132625	NaN	NaN	86.874137	0.000000
233	Spectrogram 1	1	1720.090	1720.420	4000.0	18000.0	7519.5	Trill	11.078149	16.446091	NaN	NaN	69.399826	0.000000
234	Spectrogram 1	1	1728.530	1728.630	4000.0	18000.0	7714.8	Trill	13.200400	18.650537	NaN	NaN	69.342274	0.000000
235	Spectrogram 1	1	1730.580	1730.670	4000.0	18000.0	8691.4	Trill	10.148877	15.462359	NaN	NaN	63.468695	0.000000
237	Spectrogram 1	2	1738.740	1738.910	4000.0	18000.0	6738.3	Trill	7.189923	14.257157	NaN	NaN	45.098664	0.000000
238	Spectrogram 1	2	1743.410	1743.490	4000.0	18000.0	7226.6	Trill	11.904689	15.234867	NaN	NaN	68.873423	0.000000
242	Spectrogram 1	2	1780.890	1781.046	4000.0	18000.0	7812.5	Trill	10.748714	16.134623	NaN	NaN	67.308532	0.000000
246	Spectrogram 1	1	1799.060	1799.250	4000.0	18000.0	8886.7	Trill	7.964026	13.059788	NaN	NaN	59.192705	0.000000
247	Spectrogram 1	1	1799.780	1799.840	4000.0	18000.0	8691.4	Trill	9.825281	13.545698	NaN	NaN	80.106249	0.000000
251	Spectrogram 1	2	1809.700	1809.788	4000.0	18000.0	6640.6	Trill	9.306819	13.515124	NaN	NaN	60.412594	0.000000
252	Spectrogram 1	4	1813.250	1813.520	4000.0	18000.0	6933.6	Trill	8.076038	13.786143	NaN	NaN	53.153500	0.000000
254	Spectrogram 1	2	1819.720	1819.840	4000.0	18000.0	6152.3	Trill	14.596435	17.827025	NaN	NaN	71.966682	0.000000
255	Spectrogram 1	2	1827.848	1827.970	4000.0	18000.0	7812.5	Trill	9.452035	12.065139	NaN	NaN	56.506766	0.000000
259	Spectrogram 1	2	1903.660	1903.950	4000.0	18000.0	7519.5	Trill	11.381172	15.253022	NaN	NaN	68.862518	0.000000
263	Spectrogram 1	1	1930.290	1930.370	4000.0	18000.0	8593.7	Trill	7.214021	10.210951	NaN	NaN	58.757907	0.000000
269	Spectrogram 1	2	1974.200	1974.480	4000.0	18000.0	7519.5	Trill	8.244403	12.273015	NaN	NaN	54.262790	0.000000
271	Spectrogram 1	2	1991.780	1991.910	4000.0	18000.0	7226.6	Trill	9.880025	13.803000	NaN	NaN	53.543326	0.000000
284	Spectrogram 1	2	2109.870	2110.020	4000.0	18000.0	7226.6	Trill	10.287205	14.229987	NaN	NaN	54.334692	0.000000
286	Spectrogram 1	2	2121.470	2121.680	4000.0	18000.0	7226.6	Trill	11.805383	16.394852	NaN	NaN	64.052172	0.000000
291	Spectrogram 1	2	2152.940	2153.070	4000.0	18000.0	6933.6	Trill	10.957681	15.230200	NaN	NaN	62.640051	0.000000
292	Spectrogram 1	2	2154.240	2154.410	4000.0	18000.0	7128.9	Trill	12.630639	16.167295	NaN	NaN	62.195404	0.000000
293	Spectrogram 1	3	2154.690	2154.760	4000.0	18000.0	6250.0	Trill	11.211072	16.513255	NaN	NaN	74.395591	0.000000
294	Spectrogram 1	3	2164.970	2165.070	4000.0	18000.0	7617.2	Trill	11.969880	14.893429	NaN	NaN	80.020604	0.000000
296	Spectrogram 1	4	2183.750	2184.280	4000.0	18000.0	7128.9	Trill	9.932854	19.127920	NaN	NaN	66.525526	0.000000
303	Spectrogram 1	2	2198.980	2199.230	4000.0	18000.0	7226.6	Trill	9.815259	13.491500	NaN	NaN	57.558358	0.000000
304	Spectrogram 1	1	2201.760	2201.850	4000.0	18000.0	8203.1	Trill	7.576719	14.299025	NaN	NaN	66.793071	0.000000
305	Spectrogram 1	2	2203.970	2204.040	4000.0	18000.0	6933.6	Trill	7.164348	12.901533	NaN	NaN	52.053113	0.000000
307	Spectrogram 1	3	2229.420	2229.530	4000.0	18000.0	7910.2	Trill	8.569188	14.802972	NaN	NaN	55.412634	0.000000
310	Spectrogram 1	2	2269.380	2269.500	4000.0	18000.0	8105.5	Trill	10.211792	14.209962	NaN	NaN	65.986808	0.000000
315	Spectrogram 1	2	2293.170	2293.520	4000.0	18000.0	7226.6	Trill	8.217616	13.793001	NaN	NaN	63.128848	0.000000
316	Spectrogram 1	4	2304.770	2305.210	4000.0	18000.0	7324.2	Trill	14.998726	23.095549	NaN	NaN	92.141452	0.000000
317	Spectrogram 1	3	2307.330	2307.790	4000.0	18000.0	8007.8	Trill	8.015951	12.869981	NaN	NaN	56.531752	0.000000
318	Spectrogram 1	2	2315.990	2316.120	4000.0	18000.0	7714.8	Trill	12.493636	16.928856	NaN	NaN	68.657762	0.000000
321	Spectrogram 1	2	2334.600	2334.858	4000.0	18000.0	8300.8	Trill	10.552808	16.080865	NaN	NaN	72.968233	0.000000
327	Spectrogram 1	2	2356.440	2356.620	4000.0	18000.0	7519.5	Trill	11.062450	15.748053	NaN	NaN	74.188261	0.000000
328	Spectrogram 1	1	2359.990	2360.263	4000.0	18000.0	7910.2	Trill	15.578315	19.585993	NaN	NaN	96.580139	0.000000
330	Spectrogram 1	2	2364.120	2364.325	4000.0	18000.0	7910.2	Trill	12.841925	17.695872	NaN	NaN	72.241244	0.000000
337	Spectrogram 1	1	2388.780	2389.073	4000.0	18000.0	6640.6	Trill	10.749773	15.984189	NaN	NaN	45.936077	0.000000
340	Spectrogram 1	2	2395.180	2395.300	4000.0	18000.0	7714.8	Trill	8.166189	12.879205	NaN	NaN	54.118547	0.000000
343	Spectrogram 1	1	2417.700	2417.790	4000.0	18000.0	7031.2	Trill	10.623201	16.239191	NaN	NaN	50.359231	0.000000
344	Spectrogram 1	1	2417.860	2417.920	4000.0	18000.0	6640.6	Trill	11.347685	14.552257	NaN	NaN	67.036458	0.000000
346	Spectrogram 1	3	2422.760	2423.180	4000.0	18000.0	7812.5	Trill	11.484864	16.281961	NaN	NaN	71.217870	0.000000
349	Spectrogram 1	4	2429.460	2430.378	4000.0	18000.0	7812.5	Trill	11.514637	21.438084	NaN	NaN	93.100064	0.000000
352	Spectrogram 1	3	2435.550	2436.038	4000.0	18000.0	8203.1	Trill	11.489749	16.520411	NaN	NaN	74.244760	0.000000
353	Spectrogram 1	2	2440.950	2441.060	4000.0	18000.0	7128.9	Trill	10.118732	16.516496	NaN	NaN	69.293651	0.000000
354	Spectrogram 1	1	2455.450	2455.690	4000.0	18000.0	7226.6	Trill	8.392492	16.100089	NaN	NaN	62.729338	0.000000
355	Spectrogram 1	1	2455.770	2455.830	4000.0	18000.0	7226.6	Trill	8.803409	16.217244	NaN	NaN	63.015963	0.000000
356	Spectrogram 1	3	2458.800	2458.900	4000.0	18000.0	8007.8	Trill	7.949154	14.051934	NaN	NaN	53.465128	0.000000
357	Spectrogram 1	3	2458.970	2459.040	4000.0	18000.0	7226.6	Trill	8.000566	11.729865	NaN	NaN	47.707752	0.000000
358	Spectrogram 1	3	2459.150	2459.200	4000.0	18000.0	6738.3	Trill	7.101686	9.496219	NaN	NaN	41.521538	0.000000
360	Spectrogram 1	1	2462.390	2462.470	4000.0	18000.0	8300.8	Trill	11.723953	17.091791	NaN	NaN	75.627979	0.000000
361	Spectrogram 1	1	2462.530	2462.590	4000.0	18000.0	7226.6	Trill	13.867929	18.948382	NaN	NaN	81.341676	0.000000
364	Spectrogram 1	2	2472.450	2472.680	4000.0	18000.0	7617.2	Trill	13.079498	16.863251	NaN	NaN	69.731108	0.000000
365	Spectrogram 1	1	2474.080	2474.300	4000.0	18000.0	6933.6	Trill	13.493601	15.154384	NaN	NaN	54.112926	0.000000
366	Spectrogram 1	1	2480.120	2480.480	4000.0	18000.0	7324.2	Trill	16.598642	20.774505	NaN	NaN	102.575425	0.000000
367	Spectrogram 1	1	2482.770	2482.960	4000.0	18000.0	8007.8	Trill	14.586682	19.458290	NaN	NaN	87.249190	0.000000
368	Spectrogram 1	1	2483.020	2483.070	4000.0	18000.0	7421.9	Trill	12.885224	15.807436	NaN	NaN	81.305231	0.000000
369	Spectrogram 1	3	2487.130	2487.760	4000.0	18000.0	7812.5	Trill	7.643884	11.551731	NaN	NaN	50.928919	0.000000
374	Spectrogram 1	2	2546.890	2547.010	4000.0	18000.0	7714.8	Trill	13.013429	18.208921	NaN	NaN	77.251381	0.000000
378	Spectrogram 1	2	2592.760	2592.930	4000.0	18000.0	7324.2	Trill	7.103248	10.891295	NaN	NaN	47.256124	0.000000
379	Spectrogram 1	1	2598.480	2598.560	4000.0	18000.0	9277.3	Trill	10.076112	11.825314	NaN	NaN	60.791706	0.000000
381	Spectrogram 1	3	2621.650	2621.840	4000.0	18000.0	8105.5	Trill	9.424171	17.062459	NaN	NaN	58.890932	0.000000
385	Spectrogram 1	2	2653.460	2653.642	4000.0	18000.0	6835.9	Trill	7.246966	14.489128	NaN	NaN	45.792821	0.000000
386	Spectrogram 1	2	2656.590	2656.848	4000.0	18000.0	6835.9	Trill	7.038216	12.056843	NaN	NaN	47.495088	0.000000
389	Spectrogram 1	2	2667.203	2667.375	4000.0	18000.0	7519.5	Trill	10.776342	16.244048	NaN	NaN	74.568030	0.000000
395	Spectrogram 1	3	2679.470	2679.600	4000.0	18000.0	7714.8	Trill	12.818561	19.784464	NaN	NaN	76.147015	0.000000
396	Spectrogram 1	2	2681.290	2681.470	4000.0	18000.0	7421.9	Trill	8.144556	14.473054	NaN	NaN	55.123410	0.000000
401	Spectrogram 1	3	2715.760	2716.375	4000.0	18000.0	7617.2	Trill	10.642488	18.353016	NaN	NaN	83.679553	0.000000
411	Spectrogram 1	3	2749.500	2749.720	4000.0	18000.0	8203.1	Trill	12.435604	19.149994	NaN	NaN	83.491415	0.000000
413	Spectrogram 1	3	2753.670	2754.000	4000.0	18000.0	8593.7	Trill	9.390213	15.334224	NaN	NaN	64.472431	0.000000
416	Spectrogram 1	3	2784.330	2784.794	4000.0	18000.0	7910.2	Trill	11.084616	16.021941	NaN	NaN	72.859812	0.000000
418	Spectrogram 1	2	2798.950	2799.170	4000.0	18000.0	7128.9	Trill	7.659607	13.416844	NaN	NaN	54.343878	0.000000
422	Spectrogram 1	2	2831.930	2832.050	4000.0	18000.0	7519.5	Trill	9.790042	15.700402	NaN	NaN	65.088355	0.000000
423	Spectrogram 1	2	2832.947	2833.070	4000.0	18000.0	7812.5	Trill	10.329112	13.956424	NaN	NaN	46.361601	0.000000
435	Spectrogram 1	1	2890.960	2891.010	4000.0	18000.0	6640.6	Trill	8.036128	10.004988	NaN	NaN	37.048691	0.000000
439	Spectrogram 1	2	2921.353	2921.480	4000.0	18000.0	7128.9	Trill	7.355370	12.134932	NaN	NaN	50.124708	0.000000
440	Spectrogram 1	2	2924.790	2924.924	4000.0	18000.0	7812.5	Trill	11.581784	15.598898	NaN	NaN	64.430944	0.000000
446	Spectrogram 1	2	2935.870	2936.137	4000.0	18000.0	6933.6	Trill	11.589226	16.224545	NaN	NaN	58.882506	0.000000
449	Spectrogram 1	2	2939.650	2939.810	4000.0	18000.0	8007.8	Trill	7.946477	12.563870	NaN	NaN	53.428716	0.000000
450	Spectrogram 1	2	2943.242	2943.476	4000.0	18000.0	6250.0	Trill	8.567703	13.715243	NaN	NaN	60.410146	0.000000
451	Spectrogram 1	2	2944.246	2944.510	4000.0	18000.0	6933.6	Trill	11.766067	14.995022	NaN	NaN	67.663625	0.000000
458	Spectrogram 1	2	2980.790	2980.930	4000.0	18000.0	6933.6	Trill	10.239995	15.202893	NaN	NaN	63.813464	0.000000
459	Spectrogram 1	2	2984.010	2984.215	4000.0	18000.0	6445.3	Trill	10.100704	15.633459	NaN	NaN	59.661233	0.000000
467	Spectrogram 1	2	3021.340	3021.605	4000.0	18000.0	7812.5	Trill	9.704628	14.218368	NaN	NaN	64.506150	0.000000
468	Spectrogram 1	2	3022.223	3022.343	4000.0	18000.0	7812.5	Trill	10.696702	14.650624	NaN	NaN	57.034740	0.000000
470	Spectrogram 1	2	3042.560	3042.710	4000.0	18000.0	6250.0	Trill	7.832344	11.595145	NaN	NaN	40.019609	0.000000
471	Spectrogram 1	3	3045.450	3045.540	4000.0	18000.0	8691.4	Trill	7.312816	10.615824	NaN	NaN	52.600179	0.000000
473	Spectrogram 1	2	3066.330	3066.580	4000.0	18000.0	7910.2	Trill	9.606291	13.455157	NaN	NaN	60.423935	0.000000
484	Spectrogram 1	2	3107.540	3107.697	4000.0	18000.0	7421.9	Trill	10.591389	15.735206	NaN	NaN	70.651598	0.000000
489	Spectrogram 1	1	3139.120	3139.490	4000.0	18000.0	7910.2	Trill	10.407335	17.608940	NaN	NaN	65.814146	0.000000
496	Spectrogram 1	1	3152.510	3152.600	4000.0	18000.0	8496.1	Trill	13.892921	19.347706	NaN	NaN	87.991912	0.000000
497	Spectrogram 1	1	3152.670	3152.730	4000.0	18000.0	8398.4	Trill	11.817454	16.876510	NaN	NaN	76.909773	0.000000
498	Spectrogram 1	1	3159.950	3160.170	4000.0	18000.0	8691.4	Trill	15.339186	22.207108	NaN	NaN	95.599860	0.000000
500	Spectrogram 1	2	3164.640	3164.740	4000.0	18000.0	7128.9	Trill	8.744899	14.955951	NaN	NaN	56.049898	0.000000
503	Spectrogram 1	2	3180.230	3180.432	4000.0	18000.0	6933.6	Trill	12.929728	16.625382	NaN	NaN	79.740616	0.000000
505	Spectrogram 1	3	3190.400	3190.460	4000.0	18000.0	7812.5	Trill	8.524473	14.089516	NaN	NaN	46.848801	0.000000
507	Spectrogram 1	2	3201.717	3201.902	4000.0	18000.0	6738.3	Trill	9.941251	14.446809	NaN	NaN	57.098216	0.000000
510	Spectrogram 1	2	3225.030	3225.264	4000.0	18000.0	6640.6	Trill	10.141748	16.488989	NaN	NaN	49.365284	0.000000
512	Spectrogram 1	2	3230.060	3230.332	4000.0	18000.0	7128.9	Trill	14.094346	18.023930	NaN	NaN	79.491523	0.000000
513	Spectrogram 1	2	3240.400	3240.520	4000.0	18000.0	7714.8	Trill	12.957514	18.712937	NaN	NaN	57.547123	0.000000
516	Spectrogram 1	3	3278.480	3279.100	4000.0	18000.0	8984.4	Trill	11.324674	19.168536	NaN	NaN	80.094015	0.000000
517	Spectrogram 1	2	3282.790	3283.000	4000.0	18000.0	8398.4	Trill	7.568297	13.079184	NaN	NaN	48.076789	0.000000
528	Spectrogram 1	2	3361.510	3361.851	4000.0	18000.0	6933.6	Trill	10.732613	15.125622	NaN	NaN	67.535095	0.000000
532	Spectrogram 1	2	3379.727	3379.890	4000.0	18000.0	7519.5	Trill	11.227502	17.315924	NaN	NaN	61.745694	0.000000
534	Spectrogram 1	1	3395.560	3395.741	4000.0	18000.0	9570.3	Trill	11.375732	19.539779	NaN	NaN	97.861837	0.000000
537	Spectrogram 1	2	3422.170	3422.381	4000.0	18000.0	6933.6	Trill	9.376087	13.102301	NaN	NaN	45.112243	0.000000
543	Spectrogram 1	3	3467.040	3467.220	4000.0	18000.0	8984.4	Trill	11.062928	17.461553	NaN	NaN	99.803056	0.000000
544	Spectrogram 1	2	3477.551	3477.670	4000.0	18000.0	6933.6	Trill	7.423504	10.762055	NaN	NaN	46.636997	0.000000
550	Spectrogram 1	2	3506.840	3506.920	4000.0	18000.0	8203.1	Trill	6.992754	12.927132	NaN	NaN	52.875931	0.000000
551	Spectrogram 1	3	3508.870	3509.340	4000.0	18000.0	7421.9	Trill	10.560281	18.347002	NaN	NaN	74.431150	0.000000
555	Spectrogram 1	3	3519.150	3519.556	4000.0	18000.0	7812.5	Trill	12.862210	18.508564	NaN	NaN	82.591830	0.000000
557	Spectrogram 1	3	3525.720	3526.010	4000.0	18000.0	8789.1	Trill	11.794555	17.295442	NaN	NaN	75.383464	0.000000
561	Spectrogram 1	2	3558.220	3558.510	4000.0	18000.0	7812.5	Trill	7.852446	11.313841	NaN	NaN	51.571287	0.000000
566	Spectrogram 1	2	3629.140	3629.290	4000.0	18000.0	6738.3	Trill	8.233576	13.476723	NaN	NaN	54.569127	0.000000
567	Spectrogram 1	1	3636.450	3636.660	4000.0	18000.0	8300.8	Trill	17.992080	24.204334	NaN	NaN	122.251060	0.000000
570	Spectrogram 1	2	3648.540	3648.790	4000.0	18000.0	7812.5	Trill	12.758103	16.280180	NaN	NaN	71.237807	0.000000
586	Spectrogram 1	2	3716.030	3716.219	4000.0	18000.0	7421.9	Trill	8.307494	13.433819	NaN	NaN	61.456356	0.000000
588	Spectrogram 1	3	3720.580	3721.197	4000.0	18000.0	7812.5	Trill	9.759529	17.226560	NaN	NaN	72.127867	0.000000
596	Spectrogram 1	2	3782.648	3782.849	4000.0	18000.0	7031.2	Trill	8.732386	14.195716	NaN	NaN	58.682230	0.000000
598	Spectrogram 1	2	3805.350	3805.485	4000.0	18000.0	6835.9	Trill	12.700318	16.869243	NaN	NaN	77.704995	0.000000
599	Spectrogram 1	3	3830.870	3831.180	4000.0	18000.0	8691.4	Trill	10.081877	16.912032	NaN	NaN	75.309236	0.000000
605	Spectrogram 1	2	3878.200	3878.467	4000.0	18000.0	7324.2	Trill	7.371544	12.082210	NaN	NaN	43.572549	0.000000
614	Spectrogram 1	2	3928.220	3928.515	4000.0	18000.0	6835.9	Trill	10.751752	17.038870	NaN	NaN	67.040781	0.000000
625	Spectrogram 1	2	3981.820	3982.113	4000.0	18000.0	6835.9	Trill	8.251602	14.361056	NaN	NaN	60.539882	0.000000
626	Spectrogram 1	1	3989.180	3989.462	4000.0	18000.0	7910.2	Trill	12.612643	20.075830	NaN	NaN	94.179959	0.000000
627	Spectrogram 1	1	3989.530	3989.630	4000.0	18000.0	7812.5	Trill	13.520880	19.865464	NaN	NaN	94.280675	0.000000
628	Spectrogram 1	3	3991.780	3992.180	4000.0	18000.0	8398.4	Trill	9.075961	13.411953	NaN	NaN	57.350006	0.000000
630	Spectrogram 1	2	4000.050	4000.231	4000.0	18000.0	7324.2	Trill	12.640527	17.596588	NaN	NaN	68.943207	0.000000
631	Spectrogram 1	1	4001.920	4002.250	4000.0	18000.0	6640.6	Trill	12.132452	19.986563	NaN	NaN	98.745701	0.000000
632	Spectrogram 1	2	4002.320	4002.743	4000.0	18000.0	7128.9	Trill	10.304037	15.773098	NaN	NaN	69.487757	0.000000
633	Spectrogram 1	1	4005.350	4005.484	4000.0	18000.0	8398.4	Trill	10.524069	16.007469	NaN	NaN	69.396864	0.000000
636	Spectrogram 1	2	4012.110	4012.387	4000.0	18000.0	6835.9	Trill	12.894641	17.117254	NaN	NaN	70.990490	0.000000
647	Spectrogram 1	2	4075.398	4075.518	4000.0	18000.0	6933.6	Trill	9.020801	12.684871	NaN	NaN	57.846835	0.000000
650	Spectrogram 1	2	4085.220	4085.380	4000.0	18000.0	7714.8	Trill	11.436142	15.486684	NaN	NaN	63.821139	0.000000
659	Spectrogram 1	2	4095.614	4095.910	4000.0	18000.0	7519.5	Trill	9.621535	14.503077	NaN	NaN	62.436524	0.000000
665	Spectrogram 1	3	4136.490	4136.690	4000.0	18000.0	8593.7	Trill	10.148042	16.629395	NaN	NaN	50.251454	0.000000
666	Spectrogram 1	2	4136.960	4137.240	4000.0	18000.0	7128.9	Trill	15.582606	21.148771	NaN	NaN	102.349518	0.000000
671	Spectrogram 1	2	4151.700	4152.014	4000.0	18000.0	7226.6	Trill	8.586351	14.282781	NaN	NaN	57.189986	0.000000
676	Spectrogram 1	2	4217.775	4217.933	4000.0	18000.0	8691.4	Trill	11.878975	16.669286	NaN	NaN	73.791940	0.000000
682	Spectrogram 1	2	4270.160	4270.460	4000.0	18000.0	5566.4	Trill	13.054234	18.422708	NaN	NaN	74.794076	0.000000
683	Spectrogram 1	2	4290.250	4290.320	4000.0	18000.0	7031.2	Trill	7.855620	14.592192	NaN	NaN	59.746606	0.000000
685	Spectrogram 1	2	4307.540	4307.630	4000.0	18000.0	6933.6	Trill	9.142529	15.181136	NaN	NaN	58.995487	0.000000
686	Spectrogram 1	3	4308.190	4308.647	4000.0	18000.0	8593.7	Trill	9.678620	14.644709	NaN	NaN	60.008359	0.000000
687	Spectrogram 1	1	4312.070	4312.350	4000.0	18000.0	6250.0	Trill	7.773720	13.882934	NaN	NaN	58.505629	0.000000
690	Spectrogram 1	2	4359.410	4359.520	4000.0	18000.0	7226.6	Trill	11.874339	16.852562	NaN	NaN	68.280905	0.000000
695	Spectrogram 1	2	4394.430	4394.670	4000.0	18000.0	6933.6	Trill	16.374752	24.428258	NaN	NaN	99.337066	0.000000
697	Spectrogram 1	2	4395.790	4395.890	4000.0	18000.0	7910.2	Trill	8.620559	14.387685	NaN	NaN	57.228593	0.000000
698	Spectrogram 1	2	4399.900	4400.070	4000.0	18000.0	8007.8	Trill	9.248850	14.522442	NaN	NaN	58.289318	0.000000
699	Spectrogram 1	2	4402.380	4402.620	4000.0	18000.0	7714.8	Trill	8.784713	13.633630	NaN	NaN	48.473433	0.000000
701	Spectrogram 1	2	4425.620	4425.820	4000.0	18000.0	7128.9	Trill	12.752567	17.210840	NaN	NaN	78.920012	0.000000
702	Spectrogram 1	2	4429.590	4429.809	4000.0	18000.0	7714.8	Trill	8.782416	13.048528	NaN	NaN	54.202300	0.000000
704	Spectrogram 1	1	4434.270	4434.320	4000.0	18000.0	7128.9	Trill	8.772077	13.711301	NaN	NaN	56.867848	0.000000
705	Spectrogram 1	2	4434.377	4434.529	4000.0	18000.0	6738.3	Trill	7.720037	12.588541	NaN	NaN	39.053069	0.000000
710	Spectrogram 1	2	4438.540	4438.680	4000.0	18000.0	7031.2	Trill	8.357570	12.893932	NaN	NaN	46.965299	0.000000
712	Spectrogram 1	1	4445.040	4445.150	4000.0	18000.0	8105.5	Trill	11.947737	18.003533	NaN	NaN	76.206485	0.000000
720	Spectrogram 1	2	4492.100	4492.230	4000.0	18000.0	9082.0	Trill	10.470577	17.175962	NaN	NaN	65.529078	0.000000
722	Spectrogram 1	2	4499.948	4500.180	4000.0	18000.0	7617.2	Trill	8.706212	15.104182	NaN	NaN	50.695032	0.000000
730	Spectrogram 1	2	4531.059	4531.223	4000.0	18000.0	7519.5	Trill	7.832303	14.521185	NaN	NaN	42.044233	0.000000
731	Spectrogram 1	2	4532.900	4533.090	4000.0	18000.0	8496.1	Trill	8.870287	14.449859	NaN	NaN	61.870496	0.000000
738	Spectrogram 1	2	4550.230	4550.366	4000.0	18000.0	7519.5	Trill	8.229817	14.692763	NaN	NaN	62.336285	0.000000
739	Spectrogram 1	2	4554.170	4554.330	4000.0	18000.0	7519.5	Trill	11.257219	16.138519	NaN	NaN	64.297764	0.000000
743	Spectrogram 1	2	4633.760	4634.251	4000.0	18000.0	7421.9	Trill	9.561546	14.025672	NaN	NaN	68.560193	0.000000
751	Spectrogram 1	3	1292.333	1292.644	6701.0	13530.9	7519.5	Trill						
765	Spectrogram 1	1	4005.517	4005.593	7345.4	9922.7	7421.9	Trill						
767	Spectrogram 1	1	4445.199	4445.520	6056.7	7603.1	6738.3	Trill						
781	Spectrogram 1	1	4044.374	4044.445	8160.6	10621.8	8203.1	Trill						
756	Spectrogram 1	1	2898.786	2898.901	5283.5	13659.8	7421.9	Trill-Twitter						
43	Spectrogram 1	2	228.430	228.490	4000.0	18000.0	5664.1	Tse	7.920573	12.060039	NaN	NaN	43.400211	0.000000
85	Spectrogram 1	1	662.950	662.990	4000.0	18000.0	9570.3	Tse	9.784539	15.540154	NaN	NaN	57.662837	0.000000
172	Spectrogram 1	4	1360.880	1360.950	4000.0	18000.0	7226.6	Tse	8.035688	15.818261	NaN	NaN	64.048246	0.000000
173	Spectrogram 1	4	1361.030	1361.110	4000.0	18000.0	7226.6	Tse	10.774064	18.608683	NaN	NaN	70.550044	0.000000
174	Spectrogram 1	4	1361.170	1361.240	4000.0	18000.0	6933.6	Tse	9.073626	16.629089	NaN	NaN	69.933330	0.000000
176	Spectrogram 1	4	1361.510	1361.550	4000.0	18000.0	7226.6	Tse	7.308460	14.931882	NaN	NaN	40.332131	0.000000
177	Spectrogram 1	4	1361.710	1361.770	4000.0	18000.0	7226.6	Tse	11.894722	19.363944	NaN	NaN	70.658573	0.000000
178	Spectrogram 1	4	1362.940	1363.030	4000.0	18000.0	7226.6	Tse	10.379354	18.927451	NaN	NaN	60.257875	0.000000
179	Spectrogram 1	4	1365.900	1365.950	4000.0	18000.0	6933.6	Tse	8.002967	13.524302	NaN	NaN	38.316581	0.000000
180	Spectrogram 1	4	1366.230	1366.270	4000.0	18000.0	7519.5	Tse	7.172612	12.556926	NaN	NaN	40.986449	0.000000
181	Spectrogram 1	4	1366.800	1366.850	4000.0	18000.0	4492.2	Tse	7.604294	11.208303	NaN	NaN	42.475097	0.000000
287	Spectrogram 1	4	2142.510	2142.590	4000.0	18000.0	7617.2	Tse	7.455738	16.195945	NaN	NaN	54.597522	0.000000
288	Spectrogram 1	4	2142.820	2142.890	4000.0	18000.0	6738.3	Tse	8.997519	15.282006	NaN	NaN	68.872374	0.000000
289	Spectrogram 1	4	2143.060	2143.140	4000.0	18000.0	7226.6	Tse	10.524090	17.848751	NaN	NaN	57.596165	0.000000
290	Spectrogram 1	4	2143.340	2143.400	4000.0	18000.0	6347.7	Tse	8.927070	14.480829	NaN	NaN	51.908504	0.000000
301	Spectrogram 1	1	2189.130	2189.180	4000.0	18000.0	8691.4	Tse	10.303451	18.310551	NaN	NaN	74.862737	0.000000
442	Spectrogram 1	4	2927.860	2927.940	4000.0	18000.0	7617.2	Tse	13.272616	23.195921	NaN	NaN	57.855271	0.000000
443	Spectrogram 1	4	2928.100	2928.190	4000.0	18000.0	7226.6	Tse	13.083687	23.931072	NaN	NaN	72.716041	0.000000
444	Spectrogram 1	4	2928.280	2928.320	4000.0	18000.0	4882.8	Tse	14.138475	18.867316	NaN	NaN	58.021748	0.000000
437	Spectrogram 1	1	2899.030	2899.071	4000.0	18000.0	8105.5	Twitter	10.168645	18.514442	NaN	NaN	59.541959	0.000000
757	Spectrogram 1	1	2899.159	2899.189	5670.1	13917.5	7617.2	Twitter						
758	Spectrogram 1	1	2899.284	2899.317	5283.5	14046.4	7324.2	Twitter						
759	Spectrogram 1	1	2899.412	2899.445	6185.6	12757.7	7324.2	Twitter						
760	Spectrogram 1	1	2899.535	2899.576	5927.8	12757.7	7128.9	Twitter						
761	Spectrogram 1	1	2899.657	2899.693	5799.0	13659.8	7226.6	Twitter						
762	Spectrogram 1	1	2899.772	2899.807	5927.8	12886.6	7324.2	Twitter						
763	Spectrogram 1	1	2899.886	2899.919	6572.2	11211.3	7812.5	Twitter						
