Selection	View	Channel	Begin Time (s)	End Time (s)	Low Freq (Hz)	High Freq (Hz)	Max Freq (Hz)	Call Type	Energy Diff	Energy Par	Energy Diff (wl)	Energy Par (wl)	AHR	Exception
1	Spectrogram 1	3	210.663	212.105	5159.2	11693.3	8789.1	Phee						
2	Spectrogram 1	1	419.366	419.837	5585.3	11125.1	8203.1	Trill						
3	Spectrogram 1	2	583.757	585.258	5301.2	9704.6	8691.4	Trillphee						
4	Spectrogram 1	2	619.653	619.888	4469.1	9893.0	7519.5	Trill						
5	Spectrogram 1	2	694.653	694.927	3866.5	10294.7	7910.2	Trill						
6	Spectrogram 1	2	697.925	698.193	4870.9	10294.7	8300.8	Trill						
7	Spectrogram 1	2	707.302	707.599	4870.9	10294.7	7910.2	Trill						
8	Spectrogram 1	3	995.250	996.237	5071.8	11500.0	9277.3	Phee						
9	Spectrogram 1	3	996.397	996.896	3665.6	9893.0	9668.0	Phee						
10	Spectrogram 1	1	1065.472	1065.801	4000.0	18000.0	7617.2	Trill	11.711016	17.630060	NaN	NaN	79.354378	0.000000
11	Spectrogram 1	2	1093.580	1093.913	2862.1	9692.1	8203.1	Trill						
12	Spectrogram 1	2	1193.754	1194.028	4870.9	9692.1	7714.8	Trill						
13	Spectrogram 1	2	1201.975	1202.248	4027.8	11412.2	8691.4	Trill						
14	Spectrogram 1	2	1237.959	1238.266	2611.5	10294.7	8300.8	Trill						
15	Spectrogram 1	2	1259.589	1259.714	4000.0	18000.0	7421.9	Trill	13.596903	18.395618	NaN	NaN	81.498300	0.000000
16	Spectrogram 1	3	1283.540	1283.855	5033.6	12919.5	9082.0	Trill						
17	Spectrogram 1	4	1284.455	1285.509	5033.6	10906.0	7910.2	Trillphee						
18	Spectrogram 1	2	1325.132	1325.318	4017.7	10044.1	7714.8	Trill						
19	Spectrogram 1	3	1345.033	1345.548	3415.0	10445.9	8007.8	Trill						
20	Spectrogram 1	4	1384.199	1385.943	6026.5	9240.6	7812.5	Trillphee						
21	Spectrogram 1	2	1397.927	1398.208	1807.9	10847.7	8203.1	Trill						
22	Spectrogram 1	2	1455.540	1455.827	3415.0	9642.4	8203.1	Trill						
23	Spectrogram 1	2	1498.460	1498.682	4475.4	10293.3	8300.8	Trill						
24	Spectrogram 1	2	1536.757	1536.861	1607.1	11450.3	7714.8	Trill						
25	Spectrogram 1	2	1536.917	1537.109	2611.5	10646.8	7128.9	Trill						
26	Spectrogram 1	2	1665.521	1665.812	4000.0	18000.0	8203.1	Trill	15.908670	19.998425	NaN	NaN	106.977600	0.000000
27	Spectrogram 1	2	1667.204	1667.458	4000.0	18000.0	7617.2	Trill	16.613372	20.219657	NaN	NaN	125.487329	0.000000
28	Spectrogram 1	1	1675.316	1675.767	4218.5	11651.2	8984.4	Trill						
29	Spectrogram 1	2	1739.351	1739.638	3615.9	11651.2	8007.8	Trill						
30	Spectrogram 1	2	1749.092	1749.297	4419.4	10646.8	8593.7	Trill						
31	Spectrogram 1	2	1750.359	1750.630	2812.4	12053.0	8398.4	Trillphee						
32	Spectrogram 1	2	1878.564	1878.715	2812.4	10044.1	7910.2	Trill						
33	Spectrogram 1	2	1928.388	1928.603	4251.6	12754.8	8203.1	Trill						
34	Spectrogram 1	2	1960.541	1960.734	2812.4	11048.5	8007.8	Trill						
35	Spectrogram 1	2	1987.248	1987.469	4000.0	18000.0	8496.1	Trill	17.663239	23.832699	NaN	NaN	130.305910	0.000000
36	Spectrogram 1	2	1992.250	1992.583	3013.2	11048.5	9082.0	Trillphee						
37	Spectrogram 1	2	2028.577	2028.926	5222.9	10646.8	8789.1	Trillphee						
38	Spectrogram 1	2	2106.279	2106.697	4027.8	12978.5	9082.0	Trillphee						
39	Spectrogram 1	2	2129.594	2129.855	2611.5	10646.8	7421.9	Trill						
40	Spectrogram 1	2	2131.913	2132.000	2685.2	17453.9	10644.5	Twitter						
41	Spectrogram 1	2	2132.116	2132.148	4699.1	15216.2	9668.0	Twitter						
42	Spectrogram 1	2	2132.264	2132.298	3804.1	13873.6	9277.3	Twitter						
43	Spectrogram 1	2	2132.400	2132.446	4027.8	15216.2	9277.3	Twitter						
44	Spectrogram 1	2	2132.541	2132.587	3580.3	14992.5	8593.7	Twitter						
45	Spectrogram 1	2	2132.670	2132.723	2909.0	13649.8	8593.7	Twitter						
46	Spectrogram 1	2	2132.806	2132.866	2013.9	15216.2	8691.4	Twitter						
47	Spectrogram 1	2	2132.933	2132.996	1566.4	14097.4	8203.1	Twitter						
48	Spectrogram 1	2	2133.060	2133.113	2013.9	12531.0	7617.2	Twitter						
49	Spectrogram 1	2	2133.206	2133.236	4251.6	10740.9	7128.9	Twitter						
50	Spectrogram 1	2	2148.042	2148.150	2812.4	9843.2	8007.8	Trill						
51	Spectrogram 1	2	2193.481	2193.556	2812.4	11048.5	7519.5	Trill						
52	Spectrogram 1	3	2396.746	2396.841	6227.4	10044.1	8300.8	Phee						
53	Spectrogram 1	3	2396.906	2398.062	4620.3	10445.9	9277.3	Phee						
54	Spectrogram 1	3	2405.939	2407.157	4419.4	11249.4	9082.0	Phee						
55	Spectrogram 1	1	2407.947	2408.241	4017.7	11450.3	8496.1	Trill						
56	Spectrogram 1	1	2469.666	2470.050	4000.0	18000.0	7812.5	Trill	19.470632	31.748379	NaN	NaN	179.293197	0.000000
57	Spectrogram 1	1	2470.183	2470.240	4000.0	18000.0	8984.4	Phee	14.323349	26.172032	NaN	NaN	123.410198	0.000000
58	Spectrogram 1	1	2470.342	2470.462	4000.0	18000.0	9082.0	Phee	13.260172	25.881134	NaN	NaN	140.337035	0.000000
59	Spectrogram 1	1	2470.508	2470.575	4251.6	12307.2	9082.0	Phee						
60	Spectrogram 1	1	2470.654	2470.774	5146.7	12307.2	9179.7	Phee						
61	Spectrogram 1	1	2470.846	2470.956	4027.8	12978.5	9277.3	Phee						
62	Spectrogram 1	1	2471.012	2471.070	4027.8	11635.9	9375.0	Phee						
63	Spectrogram 1	2	2588.200	2588.580	4000.0	18000.0	7324.2	Trill	11.684819	17.590010	NaN	NaN	95.769918	0.000000
64	Spectrogram 1	2	2743.683	2744.027	4251.6	11188.4	8886.7	Trillphee						
65	Spectrogram 1	1	2790.044	2790.090	4000.0	18000.0	11914.1	Twitter	14.664924	27.212306	NaN	NaN	97.139525	0.000000
66	Spectrogram 1	1	2790.169	2790.201	4000.0	18000.0	7714.8	Twitter	10.736193	19.975820	NaN	NaN	56.594932	0.000000
67	Spectrogram 1	1	2790.303	2790.337	4000.0	18000.0	7519.5	Twitter	11.658802	20.608706	NaN	NaN	49.055649	0.000000
68	Spectrogram 1	1	2790.441	2790.474	4000.0	18000.0	7421.9	Twitter	7.686365	16.994165	NaN	NaN	40.030471	0.000000
69	Spectrogram 1	1	2790.573	2790.610	3580.3	14992.5	7128.9	Twitter						
70	Spectrogram 1	1	2790.709	2790.751	2909.0	15887.5	7128.9	Twitter						
71	Spectrogram 1	1	2790.834	2790.882	4922.9	14768.7	7128.9	Twitter						
72	Spectrogram 1	1	2790.961	2791.002	3804.1	15440.0	7128.9	Twitter						
73	Spectrogram 1	1	2791.081	2791.127	4699.1	15216.2	7128.9	Twitter						
74	Spectrogram 1	1	2791.206	2791.254	4027.8	14321.1	7128.9	Twitter						
75	Spectrogram 1	1	2791.323	2791.363	4475.4	12083.5	8105.5	Twitter						
76	Spectrogram 1	1	2791.434	2791.476	4922.9	11859.7	8007.8	Twitter						
77	Spectrogram 1	2	2796.860	2797.162	4000.0	18000.0	8593.7	Trillphee	13.406521	21.315050	NaN	NaN	113.351897	0.000000
78	Spectrogram 1	2	2849.305	2849.527	4000.0	18000.0	8984.4	Trill	15.285170	18.989488	NaN	NaN	102.273668	0.000000
79	Spectrogram 1	2	2854.655	2854.743	2611.5	9240.6	8398.4	Trill						
80	Spectrogram 1	2	2855.410	2855.818	4000.0	18000.0	8496.1	Trill	10.976000	15.580302	NaN	NaN	67.000343	0.000000
81	Spectrogram 1	3	2860.938	2862.530	4000.0	18000.0	8789.1	Phee	18.203785	37.352210	NaN	NaN	154.912546	0.000000
82	Spectrogram 1	2	3019.058	3019.384	4620.3	10646.8	7812.5	Trill						
83	Spectrogram 1	2	3035.126	3035.346	4000.0	18000.0	10449.2	Trill-twitter	15.659748	23.974523	NaN	NaN	119.982270	0.000000
84	Spectrogram 1	2	3035.473	3035.507	4000.0	18000.0	10937.5	Twitter	8.439474	18.318843	NaN	NaN	77.018588	0.000000
85	Spectrogram 1	2	3035.620	3035.667	4000.0	18000.0	9472.7	Twitter	11.933279	24.784859	NaN	NaN	75.629401	0.000000
86	Spectrogram 1	2	3035.768	3035.815	4000.0	18000.0	9082.0	Twitter	11.352270	22.329004	NaN	NaN	67.191103	0.000000
87	Spectrogram 1	2	3035.900	3035.949	4000.0	18000.0	8789.1	Twitter	10.656797	22.513965	NaN	NaN	67.846103	0.000000
88	Spectrogram 1	2	3036.032	3036.087	4000.0	18000.0	6738.3	Twitter	10.122849	20.986086	NaN	NaN	64.363453	0.000000
89	Spectrogram 1	2	3036.160	3036.220	4000.0	18000.0	6640.6	Twitter	13.701225	25.784798	NaN	NaN	83.790744	0.000000
90	Spectrogram 1	2	3036.297	3036.348	4000.0	18000.0	6445.3	Twitter	11.932857	22.532312	NaN	NaN	80.486151	0.000000
91	Spectrogram 1	2	3036.422	3036.480	4000.0	18000.0	6445.3	Twitter	11.033266	21.144036	NaN	NaN	91.243864	0.000000
92	Spectrogram 1	2	3036.558	3036.595	4000.0	18000.0	7324.2	Twitter	10.714628	17.169235	NaN	NaN	90.037819	0.000000
93	Spectrogram 1	2	3105.430	3105.535	3816.8	10445.9	7031.2	Trill						
94	Spectrogram 1	1	3253.102	3253.343	4017.7	12856.5	8984.4	Trill						
95	Spectrogram 1	2	3288.889	3289.173	4000.0	18000.0	8593.7	Trill	13.920660	18.918547	NaN	NaN	106.711538	0.000000
96	Spectrogram 1	4	3291.937	3293.988	4419.4	9441.5	7812.5	Trillphee						
97	Spectrogram 1	2	3301.487	3301.630	4620.3	10445.9	7714.8	Trill						
98	Spectrogram 1	3	3322.402	3323.045	5825.6	11048.5	8593.7	Trill						
99	Spectrogram 1	1	3408.995	3409.118	4000.0	18000.0	11523.4	Trill-Twitter	13.689819	24.263164	NaN	NaN	89.347121	0.000000
100	Spectrogram 1	1	3409.199	3409.231	4000.0	18000.0	7910.2	Twitter	7.550021	16.142478	NaN	NaN	45.391848	0.000000
101	Spectrogram 1	1	3409.321	3409.356	1118.8	14097.4	7519.5	Twitter						
102	Spectrogram 1	1	3409.462	3409.492	4027.8	14097.4	7421.9	Twitter						
103	Spectrogram 1	1	3409.589	3409.626	4000.0	18000.0	7226.6	Twitter	8.421496	19.387436	NaN	NaN	49.867644	0.000000
104	Spectrogram 1	1	3409.716	3409.755	3580.3	14992.5	7226.6	Twitter						
105	Spectrogram 1	1	3409.840	3409.880	3356.5	15216.2	7226.6	Twitter						
106	Spectrogram 1	1	3409.965	3410.007	3356.5	14768.7	7226.6	Twitter						
107	Spectrogram 1	1	3410.083	3410.125	3356.5	14544.9	7128.9	Twitter						
108	Spectrogram 1	1	3410.198	3410.247	4251.6	13202.3	7128.9	Twitter						
109	Spectrogram 1	1	3410.316	3410.360	3580.3	10293.3	7910.2	Twitter						
110	Spectrogram 1	1	3431.949	3432.782	6428.2	10646.8	8691.4	Phee						
111	Spectrogram 1	2	3514.804	3514.929	3816.8	11048.5	7812.5	Trill						
112	Spectrogram 1	1	3562.399	3562.631	4017.7	12053.0	7714.8	Trill						
113	Spectrogram 1	2	3563.124	3563.385	4000.0	18000.0	7519.5	Trill	14.036457	17.929040	NaN	NaN	88.175406	0.000000
114	Spectrogram 1	2	3735.802	3736.149	3615.9	10847.7	8496.1	Trill						
115	Spectrogram 1	2	3769.522	3769.790	4000.0	18000.0	8105.5	Trill	13.450858	17.975677	NaN	NaN	99.957912	0.000000
116	Spectrogram 1	2	3774.177	3774.364	4000.0	18000.0	8398.4	Trill	11.789803	14.511054	NaN	NaN	72.337223	0.000000
117	Spectrogram 1	1	3889.428	3889.575	4017.7	11249.4	8203.1	Trill						
118	Spectrogram 1	1	3889.669	3889.718	803.5	10646.8	8007.8	Trill						
119	Spectrogram 1	2	3890.610	3890.901	3615.9	10044.1	7324.2	Trill-twitter						
120	Spectrogram 1	2	3891.034	3891.067	6026.5	13258.3	10644.5	Twitter						
121	Spectrogram 1	2	3891.191	3891.230	4821.2	14262.7	9179.7	Twitter						
122	Spectrogram 1	2	3891.328	3891.374	3214.1	13660.0	8691.4	Twitter						
123	Spectrogram 1	2	3891.456	3891.505	3415.0	13459.1	8691.4	Twitter						
124	Spectrogram 1	2	3891.586	3891.635	2410.6	11450.3	8007.8	Twitter						
125	Spectrogram 1	2	3891.710	3891.746	4017.7	11651.2	7324.2	Twitter						
126	Spectrogram 1	2	3891.846	3891.868	4530.2	9899.3	7519.5	Twitter						
127	Spectrogram 1	2	4025.149	4025.283	3415.0	10245.0	7519.5	Trill						
128	Spectrogram 1	2	4094.034	4094.230	2611.5	10044.1	7910.2	Trill						
129	Spectrogram 1	2	4136.812	4136.949	4000.0	18000.0	8007.8	Trill	15.058321	19.159282	NaN	NaN	96.916013	0.000000
130	Spectrogram 1	3	4208.997	4209.751	4218.5	11048.5	8496.1	Trill						
131	Spectrogram 1	2	4225.926	4226.194	4000.0	18000.0	7324.2	Trill	14.095339	20.629171	NaN	NaN	99.546989	0.000000
132	Spectrogram 1	2	4235.909	4236.216	4000.0	18000.0	8007.8	Trill	11.310228	16.154361	NaN	NaN	83.241252	0.000000
133	Spectrogram 1	3	4270.957	4272.511	5423.8	12253.8	8984.4	Phee						
134	Spectrogram 1	2	4301.442	4301.752	5022.1	10847.7	8496.1	Trill						
135	Spectrogram 1	2	4313.256	4313.383	4218.5	9240.6	8007.8	Trill						
136	Spectrogram 1	3	4331.605	4332.970	5222.9	10646.8	8789.1	Phee						
137	Spectrogram 1	3	4333.584	4334.848	4620.3	10847.7	8593.7	Phee						
138	Spectrogram 1	3	4501.641	4502.272	5022.1	11651.2	8984.4	Trill						
139	Spectrogram 1	2	4511.095	4511.451	4419.4	10245.0	8300.8	Trill						
140	Spectrogram 1	1	4536.486	4536.590	3615.9	8838.8	7421.9	Trill						
141	Spectrogram 1	3	4606.496	4607.871	3013.2	10445.9	8984.4	Phee						
142	Spectrogram 1	2	4638.370	4638.633	4000.0	18000.0	8105.5	Trill	13.701510	17.986637	NaN	NaN	78.852237	0.000000
143	Spectrogram 1	2	4690.936	4691.060	3615.9	11048.5	8300.8	Trill						
144	Spectrogram 1	2	4694.617	4694.888	2209.7	11450.3	8593.7	Trill						
145	Spectrogram 1	2	4769.000	4769.288	4000.0	18000.0	8007.8	Trill	15.003291	19.562123	NaN	NaN	95.448155	0.000000
146	Spectrogram 1	2	4860.108	4860.155	7554.0	18884.9	11230.5	Twitter						
147	Spectrogram 1	2	4860.271	4860.310	4251.6	14321.1	9863.3	Twitter						
148	Spectrogram 1	2	4860.416	4860.460	4000.0	18000.0	7812.5	Twitter	9.104445	22.988091	NaN	NaN	46.952247	0.000000
149	Spectrogram 1	2	4860.560	4860.608	4000.0	18000.0	7812.5	Twitter	10.531273	25.579751	NaN	NaN	58.298086	0.000000
150	Spectrogram 1	2	4860.705	4860.756	4000.0	18000.0	7714.8	Twitter	9.481181	24.457630	NaN	NaN	44.472168	0.000000
151	Spectrogram 1	2	4860.840	4860.901	4000.0	18000.0	7910.2	Twitter	9.981036	25.112864	NaN	NaN	48.847690	0.000000
152	Spectrogram 1	2	4860.982	4861.044	3132.8	13873.6	7910.2	Twitter						
153	Spectrogram 1	2	4861.120	4861.183	4000.0	18000.0	7617.2	Twitter	9.355757	25.049793	NaN	NaN	54.932808	0.000000
154	Spectrogram 1	2	4861.268	4861.312	3132.8	12307.2	7617.2	Twitter						
155	Spectrogram 1	3	5000.556	5001.399	3615.9	11450.3	9472.7	Trillphee						
156	Spectrogram 1	1	5125.254	5125.692	4000.0	18000.0	8300.8	Trill	11.416611	20.112815	NaN	NaN	72.322823	0.000000
157	Spectrogram 1	1	5140.175	5140.300	4000.0	18000.0	8496.1	Trill	20.218919	29.336309	NaN	NaN	182.494599	0.000000
158	Spectrogram 1	1	5140.394	5140.464	4000.0	18000.0	8691.4	Phee	16.464647	29.311908	NaN	NaN	160.269939	0.000000
159	Spectrogram 1	1	5140.588	5140.812	4000.0	18000.0	8886.7	Phee	13.823224	26.642410	NaN	NaN	118.567021	0.000000
