Selection	View	Channel	Begin Time (s)	End Time (s)	Low Freq (Hz)	High Freq (Hz)	Max Freq (Hz)	Call Type	Energy Diff	Energy Par	Energy Diff (wl)	Energy Par (wl)	AHR	Exception
1	Spectrogram 1	1	220.558	220.645	4000.0	18000.0	8105.5	Trill	8.522178	15.568648	NaN	NaN	68.774408	0.000000
2	Spectrogram 1	1	220.682	220.752	2243.6	11538.5	8105.5	Trill						
3	Spectrogram 1	4	239.704	240.260	4000.0	18000.0	7617.2	Trill	12.633216	19.825596	NaN	NaN	102.843898	0.000000
4	Spectrogram 1	4	244.793	244.826	3205.1	17307.7	10351.6	Twitter						
5	Spectrogram 1	4	244.909	244.957	2243.6	15705.1	7128.9	Twitter						
6	Spectrogram 1	4	245.047	245.105	1923.1	16025.6	7617.2	Twitter						
7	Spectrogram 1	4	245.184	245.237	3846.2	16025.6	6933.6	Twitter						
8	Spectrogram 1	4	245.315	245.382	2564.1	15705.1	6835.9	Twitter						
9	Spectrogram 1	4	245.458	245.514	2243.6	14743.6	7226.6	Twitter						
10	Spectrogram 1	4	245.565	245.627	4807.7	12820.5	6738.3	Twitter						
11	Spectrogram 1	3	411.130	412.520	4000.0	18000.0	8105.5	Phee	15.097026	31.704674	NaN	NaN	50.792536	0.000000
12	Spectrogram 1	3	421.671	422.814	4000.0	18000.0	8105.5	Phee	17.624480	33.609560	NaN	NaN	44.029311	0.000000
13	Spectrogram 1	4	428.300	428.319	5656.9	17518.2	10644.5	Twitter						
14	Spectrogram 1	4	428.467	428.513	1602.6	13461.5	6445.3	Twitter						
15	Spectrogram 1	4	428.637	428.698	2564.1	12500.0	6347.7	Twitter						
16	Spectrogram 1	4	428.804	428.868	2243.6	14102.6	6152.3	Twitter						
17	Spectrogram 1	4	428.960	429.040	4000.0	18000.0	6152.3	Twitter	9.173077	21.103502	NaN	NaN	80.338937	0.000000
18	Spectrogram 1	4	429.120	429.201	4000.0	18000.0	5859.4	Twitter	7.169305	18.706089	NaN	NaN	66.899191	0.000000
19	Spectrogram 1	4	429.290	429.370	4000.0	18000.0	5957.0	Twitter	9.825466	22.864251	NaN	NaN	89.711215	0.000000
20	Spectrogram 1	4	429.450	429.536	4000.0	18000.0	5664.1	Twitter	7.416005	19.614169	NaN	NaN	84.201600	0.000000
21	Spectrogram 1	4	429.610	429.741	2372.3	15510.9	5371.1	Twitter						
22	Spectrogram 1	4	429.844	431.137	2189.8	16058.4	6835.9	Phee						
23	Spectrogram 1	4	431.319	431.749	3102.2	16058.4	5761.7	Phee						
24	Spectrogram 1	1	462.759	462.939	3525.6	12820.5	8398.4	Trill						
25	Spectrogram 1	1	765.829	766.002	4000.0	18000.0	8105.5	Trill	14.908331	21.595266	NaN	NaN	106.102989	0.000000
26	Spectrogram 1	1	766.108	766.240	4000.0	18000.0	8496.1	Phee	13.242336	21.615001	NaN	NaN	117.006493	0.000000
27	Spectrogram 1	1	766.434	766.632	4000.0	18000.0	8593.7	Phee	9.388458	21.429782	NaN	NaN	80.485005	0.000000
28	Spectrogram 1	1	766.711	766.771	3846.2	14102.6	8593.7	Phee						
29	Spectrogram 1	1	766.880	766.940	4000.0	18000.0	8691.4	Phee	14.111954	23.279850	NaN	NaN	134.243798	0.000000
30	Spectrogram 1	4	924.303	924.500	2243.6	15705.1	5078.1	Trill						
31	Spectrogram 1	2	1040.320	1041.270	4000.0	18000.0	8007.8	Phee	17.887578	34.354215	NaN	NaN	197.710935	0.000000
32	Spectrogram 1	2	1122.778	1122.820	4000.0	18000.0	10351.6	Twitter	9.325585	22.033278	NaN	NaN	65.021546	0.000000
33	Spectrogram 1	2	1122.919	1122.967	4000.0	18000.0	9668.0	Twitter	7.833555	22.788255	NaN	NaN	40.576447	0.000000
34	Spectrogram 1	2	1123.067	1123.120	2564.1	16025.6	9375.0	Twitter						
35	Spectrogram 1	2	1123.208	1123.256	3205.1	15705.1	9082.0	Twitter						
36	Spectrogram 1	2	1123.339	1123.395	3525.6	16025.6	8789.1	Twitter						
37	Spectrogram 1	2	1123.471	1123.531	961.5	16025.6	8105.5	Twitter						
38	Spectrogram 1	2	1123.595	1123.674	1923.1	13141.0	8007.8	Twitter						
39	Spectrogram 1	2	1123.746	1123.785	2243.6	12820.5	7031.2	Twitter						
40	Spectrogram 1	2	1351.007	1351.129	4000.0	18000.0	8007.8	Trill	15.593827	23.130562	NaN	NaN	135.296143	0.000000
41	Spectrogram 1	3	2716.122	2717.201	4000.0	18000.0	8398.4	Phee	16.962382	32.438073	NaN	NaN	38.210409	0.000000
42	Spectrogram 1	1	2725.970	2726.260	4000.0	18000.0	9179.7	Trill	18.797597	24.591082	NaN	NaN	142.728308	0.000000
43	Spectrogram 1	1	3064.553	3064.756	5448.7	13461.5	8300.8	Trill						
44	Spectrogram 1	2	3068.380	3068.590	4000.0	18000.0	7031.2	Trill	18.292689	28.555018	NaN	NaN	131.102981	0.000000
45	Spectrogram 1	1	3143.281	3143.800	4000.0	18000.0	7226.6	Trill	18.521364	25.678947	NaN	NaN	131.434915	0.000000
46	Spectrogram 1	1	3148.298	3148.430	4000.0	18000.0	8398.4	Trill	15.751881	20.189031	NaN	NaN	102.915838	0.000000
47	Spectrogram 1	1	3217.110	3217.516	4000.0	18000.0	8886.7	Trillphee	14.466425	21.305614	NaN	NaN	120.469738	0.000000
48	Spectrogram 1	2	3405.455	3405.732	2884.6	20512.8	8007.8	Trill						
49	Spectrogram 1	2	3416.038	3416.350	4000.0	18000.0	8007.8	Trill	22.865608	30.791764	NaN	NaN	123.920585	0.000000
50	Spectrogram 1	4	3623.783	3623.910	1923.1	12820.5	6250.0	Twitter						
51	Spectrogram 1	4	3624.017	3624.088	1602.6	12179.5	6250.0	Twitter						
52	Spectrogram 1	4	3624.192	3624.273	1282.1	12820.5	6152.3	Twitter						
53	Spectrogram 1	4	3624.360	3624.469	4000.0	18000.0	6054.7	Twitter	8.049451	23.110592	NaN	NaN	88.629803	0.000000
54	Spectrogram 1	4	3624.550	3624.668	4000.0	18000.0	6054.7	Twitter	8.537492	23.736814	NaN	NaN	99.069360	0.000000
55	Spectrogram 1	4	3624.744	3624.892	4000.0	18000.0	5957.0	Twitter	7.522857	23.137936	NaN	NaN	96.855950	0.000000
56	Spectrogram 1	4	3624.979	3626.645	2007.3	13503.6	7128.9	Phee						
57	Spectrogram 1	4	3626.817	3627.837	2737.2	18248.2	6445.3	Phee						
58	Spectrogram 1	2	3678.670	3679.011	4000.0	18000.0	7519.5	Trill	21.926164	28.732886	NaN	NaN	151.819406	0.000000
59	Spectrogram 1	4	3694.125	3694.157	4000.0	18000.0	7714.8	Twitter	8.411553	18.026560	NaN	NaN	61.509674	0.000000
60	Spectrogram 1	4	3694.270	3694.326	4000.0	18000.0	6445.3	Twitter	10.363715	22.205593	NaN	NaN	81.743045	0.000000
61	Spectrogram 1	4	3694.437	3694.501	4000.0	18000.0	6152.3	Twitter	8.359417	20.626736	NaN	NaN	74.497826	0.000000
62	Spectrogram 1	4	3694.600	3694.668	4000.0	18000.0	6152.3	Twitter	9.834688	22.669154	NaN	NaN	75.127582	0.000000
63	Spectrogram 1	4	3694.760	3694.834	4000.0	18000.0	6250.0	Twitter	7.551139	19.276697	NaN	NaN	69.367581	0.000000
64	Spectrogram 1	4	3694.922	3694.993	641.0	12820.5	6152.3	Twitter						
65	Spectrogram 1	4	3695.080	3695.162	4000.0	18000.0	6152.3	Twitter	8.747225	20.708694	NaN	NaN	66.095547	0.000000
66	Spectrogram 1	4	3695.240	3695.321	4000.0	18000.0	5957.0	Twitter	10.123683	22.098302	NaN	NaN	81.791413	0.000000
67	Spectrogram 1	4	3695.400	3695.485	4000.0	18000.0	5957.0	Twitter	7.461237	17.161896	NaN	NaN	77.649231	0.000000
68	Spectrogram 1	4	3695.561	3695.640	2243.6	12179.5	5859.4	Twitter						
69	Spectrogram 1	4	3695.714	3695.788	2564.1	11217.9	5175.8	Twitter						
70	Spectrogram 1	4	3695.860	3695.890	4000.0	18000.0	4785.2	Twitter	10.756360	15.125745	NaN	NaN	91.091974	0.000000
71	Spectrogram 1	2	3702.509	3702.927	4000.0	18000.0	7519.5	Trill	23.174083	31.873553	NaN	NaN	171.503714	0.000000
72	Spectrogram 1	4	3980.220	3980.271	4000.0	18000.0	6640.6	Twitter	7.155792	21.075959	NaN	NaN	68.975045	0.000000
73	Spectrogram 1	4	3980.394	3980.451	2564.1	13141.0	6250.0	Twitter						
74	Spectrogram 1	4	3980.551	3980.615	2564.1	12500.0	6250.0	Twitter						
75	Spectrogram 1	4	3980.708	3980.781	961.5	14743.6	6250.0	Twitter						
76	Spectrogram 1	4	3980.872	3980.938	0.0	14423.1	97.7	Twitter						
77	Spectrogram 1	4	3981.026	3981.096	641.0	16346.2	6250.0	Twitter						
78	Spectrogram 1	4	3981.183	3981.255	1602.6	13141.0	5859.4	Twitter						
79	Spectrogram 1	4	3981.324	3981.407	2564.1	12820.5	5664.1	Twitter						
80	Spectrogram 1	4	3981.480	3981.530	4000.0	18000.0	5371.1	Twitter	7.912110	13.900136	NaN	NaN	74.079869	0.000000
81	Spectrogram 1	4	3981.617	3981.653	2737.2	11861.3	4882.8	Twitter						
