Selection	View	Channel	Begin Time (s)	End Time (s)	Low Freq (Hz)	High Freq (Hz)	Max Freq (Hz)	Call Type	Energy Diff	Energy Par	Energy Diff (wl)	Energy Par (wl)	AHR	Exception
703	Spectrogram 1	3	46.279	46.366	3871.0	10161.3	8105.5	P-peep						
22	Spectrogram 1	1	264.050	264.090	4000.0	18000.0	8691.4	P-peep	11.472286	14.442439	NaN	NaN	71.983146	0.000000
120	Spectrogram 1	1	1521.400	1521.460	4000.0	18000.0	8691.4	P-peep	18.477224	23.427278	NaN	NaN	141.164953	0.000000
121	Spectrogram 1	1	1521.667	1521.730	4000.0	18000.0	8593.7	P-peep	18.194647	25.053521	NaN	NaN	150.188319	0.000000
123	Spectrogram 1	1	1521.829	1521.880	4000.0	18000.0	8691.4	P-peep	19.114126	27.095485	NaN	NaN	153.334101	0.000000
133	Spectrogram 1	1	1608.320	1608.420	4000.0	18000.0	8300.8	P-peep	7.790661	16.107441	NaN	NaN	91.368255	0.000000
253	Spectrogram 1	1	2878.780	2878.830	4000.0	18000.0	8593.7	P-peep	13.119158	18.399724	NaN	NaN	108.417156	0.000000
254	Spectrogram 1	1	2879.300	2879.360	4000.0	18000.0	9082.0	P-peep	13.123448	20.281507	NaN	NaN	117.408004	0.000000
255	Spectrogram 1	1	2879.510	2879.570	4000.0	18000.0	9277.3	P-peep	10.480369	17.805971	NaN	NaN	87.988679	0.000000
256	Spectrogram 1	1	2879.700	2879.760	4000.0	18000.0	9472.7	P-peep	14.691534	23.602545	NaN	NaN	142.626476	0.000000
262	Spectrogram 1	1	2912.320	2912.380	4000.0	18000.0	9082.0	P-peep	7.780379	15.399475	NaN	NaN	84.942722	0.000000
263	Spectrogram 1	1	2912.510	2912.570	4000.0	18000.0	9277.3	P-peep	11.882601	21.495565	NaN	NaN	123.569735	0.000000
377	Spectrogram 1	1	3833.670	3833.720	4000.0	18000.0	8593.7	P-peep	10.162452	16.727760	NaN	NaN	89.354523	0.000000
475	Spectrogram 1	1	5511.070	5511.150	4000.0	18000.0	9765.6	P-peep	7.297856	19.098220	NaN	NaN	80.830266	0.000000
524	Spectrogram 1	2	6450.950	6451.020	4000.0	18000.0	8593.7	P-peep	9.505809	14.902238	NaN	NaN	75.492243	0.000000
547	Spectrogram 1	1	6618.520	6618.590	4000.0	18000.0	8789.1	P-peep	12.002805	18.070024	NaN	NaN	100.684479	0.000000
548	Spectrogram 1	1	6625.460	6625.540	4000.0	18000.0	8593.7	P-peep	12.927345	17.601202	NaN	NaN	107.061849	0.000000
559	Spectrogram 1	1	6730.580	6730.640	4000.0	18000.0	9375.0	P-peep	7.009848	13.635385	NaN	NaN	63.301026	0.000000
9	Spectrogram 1	3	46.451	47.810	4000.0	18000.0	8886.7	Phee	6.184637	15.000000	NaN	NaN	116.454620	0.000000
34	Spectrogram 1	3	418.230	419.800	4000.0	18000.0	8007.8	Phee	4.866284	15.000000	NaN	NaN	86.995645	0.000000
44	Spectrogram 1	3	547.800	548.681	4000.0	18000.0	8203.1	Phee	5.853330	15.000000	NaN	NaN	98.808397	0.000000
46	Spectrogram 1	2	564.620	565.536	4000.0	18000.0	9082.0	Phee	4.030593	15.000000	NaN	NaN	95.032251	0.000000
54	Spectrogram 1	2	655.326	656.638	4000.0	18000.0	8984.4	Phee	4.450415	15.000000	NaN	NaN	96.799837	0.000000
55	Spectrogram 1	2	657.219	658.354	4000.0	18000.0	8984.4	Phee	4.801498	15.000000	NaN	NaN	73.025061	0.000000
108	Spectrogram 1	4	1297.204	1299.730	4000.0	18000.0	7421.9	Phee	4.728917	15.000000	NaN	NaN	106.228428	0.000000
131	Spectrogram 1	3	1557.933	1559.508	4000.0	18000.0	9472.7	Phee	3.030615	15.000000	NaN	NaN	56.367064	0.000000
147	Spectrogram 1	2	1734.205	1736.255	4000.0	18000.0	8984.4	Phee	6.737366	15.000000	NaN	NaN	61.878176	0.000000
185	Spectrogram 1	1	2135.660	2136.085	4000.0	18000.0	8886.7	Phee	9.189523	15.000000	NaN	NaN	115.139633	0.000000
240	Spectrogram 1	3	2674.040	2674.470	4000.0	18000.0	9082.0	Phee	9.625336	19.651253	NaN	NaN	88.663008	0.000000
336	Spectrogram 1	3	3573.580	3573.990	4000.0	18000.0	9375.0	Phee	6.573295	15.000000	NaN	NaN	73.926110	0.000000
343	Spectrogram 1	3	3691.797	3693.330	4000.0	18000.0	8789.1	Phee	4.590376	15.000000	NaN	NaN	71.742136	0.000000
427	Spectrogram 1	2	4494.630	4495.700	4000.0	18000.0	9179.7	Phee	5.273928	15.000000	NaN	NaN	68.792152	0.000000
440	Spectrogram 1	2	4656.198	4657.569	4000.0	18000.0	8789.1	Phee	4.357393	15.000000	NaN	NaN	85.198393	0.000000
447	Spectrogram 1	4	4948.940	4951.340	4000.0	18000.0	7714.8	Phee	5.172910	15.000000	NaN	NaN	118.819903	0.000000
451	Spectrogram 1	3	5112.190	5113.860	4000.0	18000.0	9277.3	Phee	3.915745	15.000000	NaN	NaN	66.439722	0.000000
463	Spectrogram 1	2	5427.020	5427.580	4000.0	18000.0	7714.8	Phee	6.567272	15.000000	NaN	NaN	85.913766	0.000000
484	Spectrogram 1	3	5587.500	5589.489	4000.0	18000.0	9179.7	Phee	4.297694	15.000000	NaN	NaN	88.200509	0.000000
485	Spectrogram 1	3	5593.140	5594.880	4000.0	18000.0	9179.7	Phee	4.402861	15.000000	NaN	NaN	85.958725	0.000000
698	Spectrogram 1	1	6025.223	6025.538	7870.4	14043.2	8984.4	Phee						
512	Spectrogram 1	1	6211.728	6213.793	4000.0	18000.0	8984.4	Phee	3.953547	15.000000	NaN	NaN	106.193861	0.000000
699	Spectrogram 1	1	6569.175	6569.240	8487.7	11419.8	8691.4	Phee						
700	Spectrogram 1	1	6569.325	6569.390	9104.9	11728.4	9179.7	Phee						
701	Spectrogram 1	1	6569.456	6569.487	8950.6	12037.0	8984.4	Phee						
544	Spectrogram 1	2	6616.680	6617.863	4000.0	18000.0	8789.1	Phee	5.311191	11.709405	NaN	NaN	60.559932	0.000000
558	Spectrogram 1	2	6717.140	6717.440	4000.0	18000.0	8593.7	Phee	15.041215	24.923472	NaN	NaN	130.244435	0.000000
79	Spectrogram 1	3	1207.298	1208.100	4000.0	18000.0	8984.4	Phee	9.727042	18.525954	NaN	NaN	84.581200	0.000000
93	Spectrogram 1	2	1248.710	1248.770	4000.0	18000.0	8300.8	Sd-peep	10.315668	16.685102	NaN	NaN	54.943763	0.000000
95	Spectrogram 1	2	1249.070	1249.140	4000.0	18000.0	8398.4	Sd-peep	10.774024	16.302271	NaN	NaN	72.396550	0.000000
97	Spectrogram 1	2	1250.120	1250.170	4000.0	18000.0	8691.4	Sd-peep	11.121341	17.635875	NaN	NaN	70.451114	0.000000
98	Spectrogram 1	2	1250.300	1250.370	4000.0	18000.0	8593.7	Sd-peep	10.052989	15.817515	NaN	NaN	69.108611	0.000000
99	Spectrogram 1	2	1250.460	1250.540	4000.0	18000.0	8593.7	Sd-peep	9.917015	15.504756	NaN	NaN	69.411868	0.000000
100	Spectrogram 1	2	1250.640	1250.710	4000.0	18000.0	8496.1	Sd-peep	7.334092	14.716264	NaN	NaN	40.604177	0.000000
102	Spectrogram 1	2	1251.190	1251.270	4000.0	18000.0	8007.8	Sd-peep	10.738763	16.267580	NaN	NaN	71.582857	0.000000
103	Spectrogram 1	2	1251.380	1251.450	4000.0	18000.0	8691.4	Sd-peep	11.450307	16.325075	NaN	NaN	68.823571	0.000000
104	Spectrogram 1	2	1254.470	1254.530	4000.0	18000.0	7519.5	Sd-peep	9.385906	14.700501	NaN	NaN	64.672083	0.000000
344	Spectrogram 1	2	3696.690	3696.730	4000.0	18000.0	9765.6	Sd-peep	7.559271	14.899313	NaN	NaN	46.586107	0.000000
711	Spectrogram 1	2	1239.722	1239.762	844.6	12837.8	9375.0	Sd-peep						
1	Spectrogram 1	4	6.440	6.821	4000.0	18000.0	8007.8	Trill	8.328437	14.414732	NaN	NaN	64.148087	0.000000
11	Spectrogram 1	3	69.580	70.220	4000.0	18000.0	7617.2	Trill	10.428872	17.712067	NaN	NaN	75.128660	0.000000
12	Spectrogram 1	4	131.200	131.665	4000.0	18000.0	7617.2	Trill	9.552303	15.016640	NaN	NaN	71.291663	0.000000
13	Spectrogram 1	3	133.600	134.253	4000.0	18000.0	8496.1	Trill	10.068129	15.737353	NaN	NaN	65.848649	0.000000
14	Spectrogram 1	1	143.890	144.322	4000.0	18000.0	7324.2	Trill	10.334927	17.639575	NaN	NaN	87.752013	0.000000
18	Spectrogram 1	1	253.170	253.353	4000.0	18000.0	7226.6	Trill	11.993403	16.300886	NaN	NaN	92.308376	0.000000
691	Spectrogram 1	1	253.400	253.438	7561.7	11419.8	8496.1	Trill						
23	Spectrogram 1	4	302.320	302.761	4000.0	18000.0	7031.2	Trill	7.379461	11.966337	NaN	NaN	53.331551	0.000000
24	Spectrogram 1	3	303.360	303.620	4000.0	18000.0	8496.1	Trill	10.125173	16.498452	NaN	NaN	68.767867	0.000000
26	Spectrogram 1	1	321.950	322.037	4000.0	18000.0	5761.7	Trill	12.657467	15.293419	NaN	NaN	76.391409	0.000000
28	Spectrogram 1	3	373.590	374.304	4000.0	18000.0	9277.3	Trill	10.436341	17.948421	NaN	NaN	80.044824	0.000000
29	Spectrogram 1	1	376.800	377.097	4000.0	18000.0	6640.6	Trill	12.638421	18.474018	NaN	NaN	73.813366	0.000000
30	Spectrogram 1	4	394.610	395.230	4000.0	18000.0	7714.8	Trill	8.874526	15.944520	NaN	NaN	53.090806	0.000000
31	Spectrogram 1	3	396.246	396.440	4000.0	18000.0	8984.4	Trill	9.525908	15.223270	NaN	NaN	54.021683	0.000000
32	Spectrogram 1	1	403.000	403.430	4000.0	18000.0	9082.0	Trill	12.887277	19.083256	NaN	NaN	71.600373	0.000000
33	Spectrogram 1	1	409.040	409.110	4000.0	18000.0	8496.1	Trill	11.220013	15.971676	NaN	NaN	73.174097	0.000000
39	Spectrogram 1	1	492.640	493.050	4000.0	18000.0	7519.5	Trill	9.142505	13.820595	NaN	NaN	56.965198	0.000000
40	Spectrogram 1	2	500.520	500.686	4000.0	18000.0	7226.6	Trill	7.363532	12.998520	NaN	NaN	43.429212	0.000000
42	Spectrogram 1	3	517.200	517.788	4000.0	18000.0	9179.7	Trill	7.672319	13.454841	NaN	NaN	47.199024	0.000000
52	Spectrogram 1	2	638.470	638.720	4000.0	18000.0	7421.9	Trill	10.136667	14.231693	NaN	NaN	65.008016	0.000000
53	Spectrogram 1	3	647.220	647.770	4000.0	18000.0	9863.3	Trill	10.334831	15.634259	NaN	NaN	71.484539	0.000000
56	Spectrogram 1	4	774.040	774.360	4000.0	18000.0	7421.9	Trill	13.032386	19.078825	NaN	NaN	98.014309	0.000000
57	Spectrogram 1	3	800.205	800.850	4000.0	18000.0	8496.1	Trill	8.230055	14.782603	NaN	NaN	66.248986	0.000000
58	Spectrogram 1	1	865.476	865.780	4000.0	18000.0	7812.5	Trill	8.054581	17.073663	NaN	NaN	60.736629	0.000000
59	Spectrogram 1	1	869.590	869.670	4000.0	18000.0	8789.1	Trill	9.320613	15.389319	NaN	NaN	65.815838	0.000000
60	Spectrogram 1	1	873.490	873.573	4000.0	18000.0	8593.7	Trill	7.410789	12.939190	NaN	NaN	62.159718	0.000000
692	Spectrogram 1	1	873.680	873.714	7561.7	10648.1	8203.1	Trill						
61	Spectrogram 1	2	877.060	877.380	4000.0	18000.0	8300.8	Trill	8.642799	16.401350	NaN	NaN	63.611755	0.000000
62	Spectrogram 1	2	878.740	879.000	4000.0	18000.0	8300.8	Trill	14.637941	20.649385	NaN	NaN	90.887162	0.000000
69	Spectrogram 1	1	932.180	932.607	4000.0	18000.0	7031.2	Trill	8.150388	12.350301	NaN	NaN	54.824484	0.000000
70	Spectrogram 1	4	996.047	996.450	4000.0	18000.0	7812.5	Trill	8.753495	15.697421	NaN	NaN	61.245404	0.000000
72	Spectrogram 1	1	1116.180	1117.160	4000.0	18000.0	8496.1	Trill	13.787560	23.022394	NaN	NaN	128.546776	0.000000
75	Spectrogram 1	2	1146.789	1147.020	4000.0	18000.0	7324.2	Trill	13.091848	19.524241	NaN	NaN	81.707543	0.000000
78	Spectrogram 1	3	1168.510	1168.990	4000.0	18000.0	9570.3	Trill	12.698041	19.921981	NaN	NaN	82.878039	0.000000
80	Spectrogram 1	2	1226.578	1226.670	4000.0	18000.0	8398.4	Trill	9.779181	15.639951	NaN	NaN	75.421547	0.000000
90	Spectrogram 1	2	1244.535	1244.950	4000.0	18000.0	7421.9	Trill	7.353157	11.907116	NaN	NaN	47.816430	0.000000
106	Spectrogram 1	3	1278.790	1279.300	4000.0	18000.0	8789.1	Trill	9.608065	18.702498	NaN	NaN	73.796561	0.000000
110	Spectrogram 1	1	1351.750	1351.842	4000.0	18000.0	8300.8	Trill	10.368151	13.678369	NaN	NaN	58.746376	0.000000
694	Spectrogram 1	1	1351.882	1351.926	6018.5	9722.2	7324.2	Trill						
116	Spectrogram 1	1	1466.950	1467.437	4000.0	18000.0	7519.5	Trill	11.126576	19.394112	NaN	NaN	84.973849	0.000000
118	Spectrogram 1	2	1497.622	1498.174	4000.0	18000.0	8105.5	Trill	7.657383	12.970270	NaN	NaN	59.407414	0.000000
119	Spectrogram 1	1	1520.914	1521.059	4000.0	18000.0	7421.9	Trill	16.741121	21.184712	NaN	NaN	120.811404	0.000000
695	Spectrogram 1	1	1521.100	1521.166	7253.1	12956.2	7714.8	Trill						
696	Spectrogram 1	1	1521.223	1521.276	7561.7	13503.6	8300.8	Trill						
124	Spectrogram 1	1	1539.030	1539.380	4000.0	18000.0	8203.1	Trill	16.645806	23.499164	NaN	NaN	113.977956	0.000000
125	Spectrogram 1	1	1539.470	1539.530	4000.0	18000.0	7421.9	Trill	13.195984	18.355648	NaN	NaN	90.658454	0.000000
126	Spectrogram 1	1	1546.040	1546.340	4000.0	18000.0	8007.8	Trill	14.067851	19.362523	NaN	NaN	87.524397	0.000000
127	Spectrogram 1	1	1546.420	1546.460	4000.0	18000.0	7812.5	Trill	9.424355	14.112875	NaN	NaN	70.053796	0.000000
128	Spectrogram 1	1	1547.300	1547.390	4000.0	18000.0	8593.7	Trill	7.579460	12.539003	NaN	NaN	61.486129	0.000000
132	Spectrogram 1	3	1602.280	1602.745	4000.0	18000.0	8886.7	Trill	7.381183	12.258973	NaN	NaN	48.148886	0.000000
136	Spectrogram 1	3	1623.900	1624.469	4000.0	18000.0	8593.7	Trill	8.351437	15.181849	NaN	NaN	60.603598	0.000000
146	Spectrogram 1	2	1719.350	1719.884	4000.0	18000.0	7324.2	Trill	9.222644	15.904564	NaN	NaN	73.624767	0.000000
149	Spectrogram 1	1	1745.160	1745.230	4000.0	18000.0	8886.7	Trill	14.946099	21.726918	NaN	NaN	113.364064	0.000000
151	Spectrogram 1	1	1752.467	1752.560	4000.0	18000.0	8593.7	Trill	13.227124	19.802587	NaN	NaN	93.325892	0.000000
152	Spectrogram 1	3	1782.240	1782.740	4000.0	18000.0	9179.7	Trill	9.798395	14.692998	NaN	NaN	58.655310	0.000000
156	Spectrogram 1	1	1909.560	1910.018	4000.0	18000.0	7812.5	Trill	10.904298	17.020995	NaN	NaN	78.515074	0.000000
159	Spectrogram 1	1	1918.290	1918.810	4000.0	18000.0	7617.2	Trill	8.364748	16.060064	NaN	NaN	70.687445	0.000000
162	Spectrogram 1	4	1959.200	1959.821	4000.0	18000.0	8300.8	Trill	9.675472	17.710038	NaN	NaN	75.752015	0.000000
167	Spectrogram 1	3	1995.910	1996.630	4000.0	18000.0	8203.1	Trill	10.546505	18.433236	NaN	NaN	80.617791	0.000000
168	Spectrogram 1	1	1997.120	1997.200	4000.0	18000.0	6835.9	Trill	12.361949	16.693576	NaN	NaN	72.395811	0.000000
169	Spectrogram 1	2	2029.900	2030.250	4000.0	18000.0	7421.9	Trill	16.717250	26.384641	NaN	NaN	94.169373	0.000000
171	Spectrogram 1	1	2062.420	2062.700	4000.0	18000.0	7324.2	Trill	11.131065	16.539766	NaN	NaN	72.910170	0.000000
172	Spectrogram 1	1	2062.760	2062.820	4000.0	18000.0	8105.5	Trill	11.748458	16.795557	NaN	NaN	79.695921	0.000000
174	Spectrogram 1	1	2090.520	2090.810	4000.0	18000.0	8300.8	Trill	13.593113	20.423650	NaN	NaN	95.325593	0.000000
177	Spectrogram 1	1	2113.381	2113.565	4000.0	18000.0	6738.3	Trill	7.568334	13.674891	NaN	NaN	51.861663	0.000000
179	Spectrogram 1	2	2126.040	2126.600	4000.0	18000.0	7226.6	Trill	10.717240	21.047754	NaN	NaN	68.352453	0.000000
180	Spectrogram 1	4	2130.870	2131.330	4000.0	18000.0	8203.1	Trill	9.060965	17.275900	NaN	NaN	64.395462	0.000000
181	Spectrogram 1	1	2134.270	2134.740	4000.0	18000.0	8105.5	Trill	14.067837	21.695936	NaN	NaN	102.921781	0.000000
186	Spectrogram 1	3	2138.330	2139.050	4000.0	18000.0	8105.5	Trill	7.981127	12.985905	NaN	NaN	47.838220	0.000000
187	Spectrogram 1	1	2141.770	2141.920	4000.0	18000.0	6152.3	Trill	14.780645	17.430918	NaN	NaN	76.607035	0.000000
188	Spectrogram 1	2	2143.490	2143.943	4000.0	18000.0	7714.8	Trill	7.652400	15.075451	NaN	NaN	54.156362	0.000000
605	Spectrogram 1	3	2184.536	2185.198	8099.0	10722.4	8398.4	Trill						
192	Spectrogram 1	1	2194.730	2195.157	4000.0	18000.0	7812.5	Trill	11.095506	18.129899	NaN	NaN	73.360653	0.000000
194	Spectrogram 1	1	2208.490	2208.900	4000.0	18000.0	6933.6	Trill	10.291035	19.191426	NaN	NaN	74.866538	0.000000
195	Spectrogram 1	1	2231.510	2231.920	4000.0	18000.0	8203.1	Trill	10.512487	15.957435	NaN	NaN	69.537165	0.000000
202	Spectrogram 1	3	2250.440	2250.880	4000.0	18000.0	9179.7	Trill	10.825356	17.283363	NaN	NaN	65.704752	0.000000
203	Spectrogram 1	1	2254.500	2254.650	4000.0	18000.0	7421.9	Trill	13.925814	17.443814	NaN	NaN	76.032438	0.000000
204	Spectrogram 1	2	2257.200	2257.484	4000.0	18000.0	7714.8	Trill	9.491544	15.037880	NaN	NaN	80.370184	0.000000
206	Spectrogram 1	3	2263.250	2264.030	4000.0	18000.0	8886.7	Trill	13.257697	20.939085	NaN	NaN	100.859088	0.000000
209	Spectrogram 1	1	2282.850	2283.210	4000.0	18000.0	7617.2	Trill	10.703442	17.591691	NaN	NaN	78.342104	0.000000
212	Spectrogram 1	3	2421.900	2422.460	4000.0	18000.0	8300.8	Trill	10.912181	21.802861	NaN	NaN	89.817870	0.000000
213	Spectrogram 1	3	2427.819	2428.170	4000.0	18000.0	8886.7	Trill	7.480826	14.197973	NaN	NaN	48.046209	0.000000
224	Spectrogram 1	4	2553.000	2553.250	4000.0	18000.0	6738.3	Trill	7.656353	14.855731	NaN	NaN	40.285671	0.000000
231	Spectrogram 1	2	2597.700	2598.038	4000.0	18000.0	8691.4	Trill	14.409840	20.940855	NaN	NaN	109.089455	0.000000
237	Spectrogram 1	2	2622.420	2622.460	4000.0	18000.0	7324.2	Trill	8.942596	14.495167	NaN	NaN	70.646831	0.000000
243	Spectrogram 1	3	2767.220	2767.793	4000.0	18000.0	8007.8	Trill	11.671461	17.854638	NaN	NaN	77.879225	0.000000
249	Spectrogram 1	4	2859.480	2859.980	4000.0	18000.0	6933.6	Trill	10.679104	17.085086	NaN	NaN	72.101436	0.000000
250	Spectrogram 1	4	2862.970	2863.280	4000.0	18000.0	6933.6	Trill	9.390947	13.878589	NaN	NaN	62.646489	0.000000
251	Spectrogram 1	1	2873.930	2874.000	4000.0	18000.0	8691.4	Trill	9.741268	14.938232	NaN	NaN	75.171915	0.000000
258	Spectrogram 1	2	2906.540	2906.660	4000.0	18000.0	7226.6	Trill	11.622825	18.498240	NaN	NaN	96.276989	0.000000
259	Spectrogram 1	1	2911.000	2911.360	4000.0	18000.0	7714.8	Trill	11.500215	16.427280	NaN	NaN	88.561314	0.000000
264	Spectrogram 1	2	2943.170	2943.270	4000.0	18000.0	6835.9	Trill	11.051241	16.293378	NaN	NaN	76.558566	0.000000
265	Spectrogram 1	2	2948.980	2949.300	4000.0	18000.0	7128.9	Trill	8.549829	14.718391	NaN	NaN	67.654220	0.000000
266	Spectrogram 1	2	2965.100	2965.349	4000.0	18000.0	7617.2	Trill	12.244114	16.591238	NaN	NaN	98.842406	0.000000
267	Spectrogram 1	2	2972.330	2972.503	4000.0	18000.0	7519.5	Trill	9.219488	14.248927	NaN	NaN	71.313646	0.000000
269	Spectrogram 1	1	2983.180	2983.280	4000.0	18000.0	8789.1	Trill	13.362594	16.906774	NaN	NaN	100.667973	0.000000
271	Spectrogram 1	1	3032.620	3032.690	4000.0	18000.0	8691.4	Trill	8.842976	14.485487	NaN	NaN	57.874711	0.000000
272	Spectrogram 1	1	3081.440	3081.710	4000.0	18000.0	7519.5	Trill	11.814071	18.281706	NaN	NaN	91.920016	0.000000
275	Spectrogram 1	2	3087.160	3087.480	4000.0	18000.0	7226.6	Trill	13.121222	20.516452	NaN	NaN	94.207431	0.000000
278	Spectrogram 1	2	3137.980	3138.271	4000.0	18000.0	7519.5	Trill	9.801981	15.711773	NaN	NaN	76.961774	0.000000
279	Spectrogram 1	1	3146.050	3146.130	4000.0	18000.0	6933.6	Trill	9.952790	12.645884	NaN	NaN	61.302772	0.000000
280	Spectrogram 1	1	3146.200	3146.270	4000.0	18000.0	7421.9	Trill	8.172694	12.993631	NaN	NaN	62.807843	0.000000
281	Spectrogram 1	3	3154.931	3155.458	4000.0	18000.0	8398.4	Trill	11.550118	20.706246	NaN	NaN	79.193128	0.000000
697	Spectrogram 1	3	3155.626	3156.142	7098.8	13425.9	7910.2	Trill						
284	Spectrogram 1	3	3178.430	3178.802	4000.0	18000.0	9277.3	Trill	8.905630	14.062713	NaN	NaN	61.240588	0.000000
293	Spectrogram 1	2	3292.390	3292.740	4000.0	18000.0	8203.1	Trill	11.323958	18.575576	NaN	NaN	87.690651	0.000000
619	Spectrogram 1	1	3299.073	3299.205	5401.2	13425.9	11230.5	Trill						
308	Spectrogram 1	3	3409.360	3409.970	4000.0	18000.0	9375.0	Trill	11.286277	20.009937	NaN	NaN	79.838428	0.000000
320	Spectrogram 1	2	3497.770	3497.840	4000.0	18000.0	7226.6	Trill	11.676691	16.547164	NaN	NaN	70.116804	0.000000
321	Spectrogram 1	3	3501.517	3501.989	4000.0	18000.0	6933.6	Trill	9.506354	17.125296	NaN	NaN	69.597256	0.000000
322	Spectrogram 1	1	3505.870	3505.970	4000.0	18000.0	10546.9	Trill	10.812744	16.213040	NaN	NaN	72.482009	0.000000
330	Spectrogram 1	2	3537.270	3537.687	4000.0	18000.0	7324.2	Trill	7.376764	15.311042	NaN	NaN	60.121276	0.000000
331	Spectrogram 1	1	3538.240	3538.350	4000.0	18000.0	6640.6	Trill	15.449581	18.842904	NaN	NaN	100.375880	0.000000
332	Spectrogram 1	1	3538.520	3538.570	4000.0	18000.0	7421.9	Trill	13.761855	20.830100	NaN	NaN	113.117456	0.000000
333	Spectrogram 1	1	3542.600	3542.680	4000.0	18000.0	6738.3	Trill	13.718102	19.526144	NaN	NaN	94.300411	0.000000
335	Spectrogram 1	3	3572.580	3573.420	4000.0	18000.0	9472.7	Trill	9.382605	20.107428	NaN	NaN	60.611794	0.000000
337	Spectrogram 1	1	3615.270	3615.810	4000.0	18000.0	7714.8	Trill	13.575403	22.562751	NaN	NaN	111.882465	0.000000
340	Spectrogram 1	1	3623.730	3624.000	4000.0	18000.0	7519.5	Trill	14.470916	20.277200	NaN	NaN	95.685278	0.000000
341	Spectrogram 1	1	3635.010	3635.420	4000.0	18000.0	7714.8	Trill	10.455030	18.185200	NaN	NaN	67.904383	0.000000
342	Spectrogram 1	1	3659.640	3659.970	4000.0	18000.0	7714.8	Trill	12.168549	17.420914	NaN	NaN	75.853897	0.000000
371	Spectrogram 1	2	3768.978	3769.268	4000.0	18000.0	7519.5	Trill	9.480561	15.711141	NaN	NaN	60.463707	0.000000
376	Spectrogram 1	1	3832.468	3832.640	4000.0	18000.0	7031.2	Trill	8.622086	14.796194	NaN	NaN	59.294693	0.000000
380	Spectrogram 1	3	3949.900	3950.290	4000.0	18000.0	9082.0	Trill	9.248014	15.991489	NaN	NaN	66.031985	0.000000
381	Spectrogram 1	3	3954.660	3955.050	4000.0	18000.0	8984.4	Trill	11.779322	21.474676	NaN	NaN	100.375723	0.000000
382	Spectrogram 1	3	4026.320	4026.730	4000.0	18000.0	8203.1	Trill	10.140379	17.578623	NaN	NaN	61.659340	0.000000
383	Spectrogram 1	1	4050.450	4050.940	4000.0	18000.0	7519.5	Trill	11.176618	19.355819	NaN	NaN	91.060271	0.000000
385	Spectrogram 1	3	4060.980	4061.638	4000.0	18000.0	8789.1	Trill	10.776504	18.622066	NaN	NaN	76.508644	0.000000
387	Spectrogram 1	2	4083.240	4083.525	4000.0	18000.0	7324.2	Trill	8.012264	14.310158	NaN	NaN	65.128970	0.000000
388	Spectrogram 1	2	4086.350	4086.578	4000.0	18000.0	7128.9	Trill	10.903849	17.131030	NaN	NaN	68.247817	0.000000
390	Spectrogram 1	2	4101.698	4101.836	4000.0	18000.0	7324.2	Trill	8.709484	14.827816	NaN	NaN	60.575241	0.000000
391	Spectrogram 1	2	4102.920	4103.205	4000.0	18000.0	7421.9	Trill	11.373151	15.947353	NaN	NaN	71.534436	0.000000
393	Spectrogram 1	2	4135.960	4136.460	4000.0	18000.0	7226.6	Trill	14.037210	23.736038	NaN	NaN	101.622901	0.000000
394	Spectrogram 1	3	4139.440	4140.057	4000.0	18000.0	8203.1	Trill	14.299615	23.180915	NaN	NaN	81.617951	0.000000
399	Spectrogram 1	2	4197.330	4197.620	4000.0	18000.0	7128.9	Trill	9.829628	16.556553	NaN	NaN	78.479719	0.000000
401	Spectrogram 1	1	4227.700	4227.760	4000.0	18000.0	8984.4	Trill	9.088015	14.350839	NaN	NaN	81.270765	0.000000
402	Spectrogram 1	1	4229.750	4229.870	4000.0	18000.0	9277.3	Trill	11.101341	16.512504	NaN	NaN	70.015698	0.000000
403	Spectrogram 1	2	4231.010	4231.100	4000.0	18000.0	7421.9	Trill	8.303479	14.087719	NaN	NaN	61.051154	0.000000
405	Spectrogram 1	1	4234.800	4234.870	4000.0	18000.0	8593.7	Trill	9.334631	12.716383	NaN	NaN	76.311205	0.000000
406	Spectrogram 1	2	4260.542	4260.702	4000.0	18000.0	7031.2	Trill	9.665412	14.403945	NaN	NaN	69.476541	0.000000
408	Spectrogram 1	3	4336.824	4337.310	4000.0	18000.0	8007.8	Trill	12.646303	20.224553	NaN	NaN	74.545986	0.000000
409	Spectrogram 1	3	4342.820	4343.369	4000.0	18000.0	8105.5	Trill	11.278936	17.745736	NaN	NaN	65.017846	0.000000
410	Spectrogram 1	1	4348.010	4348.350	4000.0	18000.0	7617.2	Trill	17.587158	25.653266	NaN	NaN	113.788714	0.000000
413	Spectrogram 1	3	4367.202	4367.836	4000.0	18000.0	8984.4	Trill	9.248511	15.449624	NaN	NaN	55.231474	0.000000
414	Spectrogram 1	1	4367.900	4368.250	4000.0	18000.0	7519.5	Trill	13.921239	20.206614	NaN	NaN	85.025542	0.000000
415	Spectrogram 1	1	4369.490	4369.760	4000.0	18000.0	8007.8	Trill	13.056181	16.921767	NaN	NaN	68.506525	0.000000
416	Spectrogram 1	3	4370.210	4370.800	4000.0	18000.0	8203.1	Trill	9.489237	14.062802	NaN	NaN	62.160024	0.000000
423	Spectrogram 1	1	4472.200	4472.638	4000.0	18000.0	7421.9	Trill	20.231174	28.923046	NaN	NaN	132.372915	0.000000
430	Spectrogram 1	1	4544.690	4545.100	4000.0	18000.0	7714.8	Trill	12.687620	21.366761	NaN	NaN	83.778251	0.000000
432	Spectrogram 1	3	4603.475	4603.900	4000.0	18000.0	8105.5	Trill	9.519639	16.729892	NaN	NaN	66.589163	0.000000
435	Spectrogram 1	2	4626.670	4626.936	4000.0	18000.0	8105.5	Trill	7.789662	14.193805	NaN	NaN	69.091345	0.000000
441	Spectrogram 1	3	4662.650	4663.214	4000.0	18000.0	8300.8	Trill	13.547855	19.430444	NaN	NaN	75.460136	0.000000
442	Spectrogram 1	3	4673.380	4673.911	4000.0	18000.0	8789.1	Trill	10.477679	18.651600	NaN	NaN	66.598645	0.000000
449	Spectrogram 1	1	5015.820	5016.136	4000.0	18000.0	7128.9	Trill	15.027671	21.451837	NaN	NaN	88.667790	0.000000
450	Spectrogram 1	2	5097.700	5098.030	4000.0	18000.0	8691.4	Trill	14.416017	24.163422	NaN	NaN	95.416381	0.000000
702	Spectrogram 1	2	5156.519	5156.956	5606.1	10909.1	8984.4	Trill						
452	Spectrogram 1	3	5167.190	5167.690	4000.0	18000.0	9277.3	Trill	9.188531	17.147279	NaN	NaN	60.735219	0.000000
453	Spectrogram 1	3	5191.540	5192.060	4000.0	18000.0	9082.0	Trill	7.136723	17.738356	NaN	NaN	50.593055	0.000000
454	Spectrogram 1	2	5205.410	5205.500	4000.0	18000.0	8203.1	Trill	11.658553	18.084738	NaN	NaN	77.823886	0.000000
464	Spectrogram 1	1	5437.700	5437.900	4000.0	18000.0	8496.1	Trill	10.793988	19.411541	NaN	NaN	80.677497	0.000000
465	Spectrogram 1	1	5437.990	5438.150	4000.0	18000.0	8789.1	Trill	9.124969	18.095336	NaN	NaN	66.510549	0.000000
466	Spectrogram 1	1	5438.250	5438.350	4000.0	18000.0	9668.0	Trill	9.424268	18.725403	NaN	NaN	76.846669	0.000000
468	Spectrogram 1	2	5441.470	5441.734	4000.0	18000.0	7812.5	Trill	7.181770	13.103902	NaN	NaN	51.403674	0.000000
489	Spectrogram 1	2	5659.170	5659.417	4000.0	18000.0	8398.4	Trill	8.757240	17.133280	NaN	NaN	62.373735	0.000000
492	Spectrogram 1	2	5718.880	5719.029	4000.0	18000.0	7324.2	Trill	11.290453	16.747943	NaN	NaN	71.747310	0.000000
493	Spectrogram 1	2	5721.035	5721.307	4000.0	18000.0	7519.5	Trill	8.098407	14.134654	NaN	NaN	52.528160	0.000000
502	Spectrogram 1	2	5961.850	5962.078	4000.0	18000.0	7226.6	Trill	11.463972	18.863418	NaN	NaN	72.372507	0.000000
506	Spectrogram 1	1	6077.990	6078.380	4000.0	18000.0	7714.8	Trill	10.645220	18.966925	NaN	NaN	85.775698	0.000000
507	Spectrogram 1	1	6080.700	6081.010	4000.0	18000.0	6933.6	Trill	10.767993	14.410527	NaN	NaN	67.774377	0.000000
508	Spectrogram 1	1	6111.990	6112.390	4000.0	18000.0	7617.2	Trill	13.902484	20.350625	NaN	NaN	105.330901	0.000000
510	Spectrogram 1	2	6128.450	6128.550	4000.0	18000.0	7519.5	Trill	11.179024	16.370060	NaN	NaN	84.689687	0.000000
511	Spectrogram 1	2	6169.060	6169.377	4000.0	18000.0	7812.5	Trill	13.545028	22.901203	NaN	NaN	104.404636	0.000000
513	Spectrogram 1	2	6286.270	6286.420	4000.0	18000.0	7812.5	Trill	8.237096	14.587857	NaN	NaN	74.180444	0.000000
517	Spectrogram 1	1	6360.925	6360.990	4000.0	18000.0	8984.4	Trill	14.037634	18.904899	NaN	NaN	111.873841	0.000000
519	Spectrogram 1	2	6406.690	6406.810	4000.0	18000.0	8300.8	Trill	7.939042	13.294806	NaN	NaN	67.088295	0.000000
522	Spectrogram 1	1	6448.420	6448.830	4000.0	18000.0	7324.2	Trill	23.024698	30.512714	NaN	NaN	171.422155	0.000000
529	Spectrogram 1	2	6475.773	6475.895	4000.0	18000.0	8300.8	Trill	12.663579	17.630494	NaN	NaN	82.888689	0.000000
531	Spectrogram 1	1	6481.250	6481.460	4000.0	18000.0	7421.9	Trill	14.250772	19.961861	NaN	NaN	99.127233	0.000000
532	Spectrogram 1	1	6481.530	6481.590	4000.0	18000.0	6933.6	Trill	11.468140	17.048744	NaN	NaN	91.037588	0.000000
533	Spectrogram 1	2	6502.250	6502.460	4000.0	18000.0	8398.4	Trill	8.541955	13.419378	NaN	NaN	78.150569	0.000000
538	Spectrogram 1	3	6531.404	6531.900	4000.0	18000.0	8886.7	Trill	7.971811	12.223919	NaN	NaN	53.481903	0.000000
539	Spectrogram 1	2	6542.210	6542.486	4000.0	18000.0	8496.1	Trill	8.279170	13.891317	NaN	NaN	68.645258	0.000000
543	Spectrogram 1	1	6606.640	6606.720	4000.0	18000.0	8984.4	Trill	12.356243	18.896532	NaN	NaN	89.979999	0.000000
546	Spectrogram 1	1	6618.340	6618.430	4000.0	18000.0	9179.7	Trill	17.506738	24.823274	NaN	NaN	138.690026	0.000000
552	Spectrogram 1	1	6643.310	6643.820	4000.0	18000.0	7128.9	Trill	15.551036	22.167279	NaN	NaN	104.491109	0.000000
555	Spectrogram 1	2	6675.400	6675.520	4000.0	18000.0	8105.5	Trill	9.481036	14.418645	NaN	NaN	73.141092	0.000000
557	Spectrogram 1	2	6716.980	6717.085	4000.0	18000.0	8105.5	Trill	12.085275	19.654641	NaN	NaN	103.325508	0.000000
560	Spectrogram 1	2	6731.340	6731.420	4000.0	18000.0	8496.1	Trill	9.206023	13.799619	NaN	NaN	61.243341	0.000000
562	Spectrogram 1	4	6756.920	6757.340	4000.0	18000.0	7226.6	Trill	10.620722	16.762982	NaN	NaN	71.946165	0.000000
567	Spectrogram 1	1	6794.070	6794.130	4000.0	18000.0	8886.7	Trill	9.889259	13.028413	NaN	NaN	76.830265	0.000000
568	Spectrogram 1	3	6811.790	6812.520	4000.0	18000.0	8007.8	Trill	9.364682	14.342524	NaN	NaN	65.827928	0.000000
569	Spectrogram 1	1	6813.510	6813.775	4000.0	18000.0	7421.9	Trill	13.961091	19.417336	NaN	NaN	98.670311	0.000000
570	Spectrogram 1	1	6820.254	6820.350	4000.0	18000.0	8691.4	Trill	10.434919	15.569124	NaN	NaN	78.438614	0.000000
571	Spectrogram 1	1	6834.090	6834.370	4000.0	18000.0	7421.9	Trill	15.209136	20.214270	NaN	NaN	105.136247	0.000000
572	Spectrogram 1	3	6835.190	6835.953	4000.0	18000.0	8300.8	Trill	11.829944	19.093995	NaN	NaN	94.840611	0.000000
573	Spectrogram 1	3	6836.110	6836.490	4000.0	18000.0	9082.0	Trill	10.135716	20.031890	NaN	NaN	109.104614	0.000000
574	Spectrogram 1	3	6842.970	6843.832	4000.0	18000.0	7226.6	Trill	8.898702	15.527402	NaN	NaN	71.032022	0.000000
575	Spectrogram 1	3	6844.090	6844.410	4000.0	18000.0	9277.3	Trill	7.525728	15.000000	NaN	NaN	83.073928	0.000000
579	Spectrogram 1	2	6976.270	6976.606	4000.0	18000.0	7714.8	Trill	13.500869	19.233359	NaN	NaN	100.246127	0.000000
373	Spectrogram 1	3	3802.900	3803.442	4000.0	18000.0	8789.1	Trill	8.225523	17.159761	NaN	NaN	65.865767	0.000000
523	Spectrogram 1	2	6450.740	6450.840	4000.0	18000.0	8496.1	Trill	13.097682	20.315079	NaN	NaN	115.390450	0.000000
384	Spectrogram 1	1	4056.340	4056.445	4000.0	18000.0	7324.2	Trill-Twitter	8.317075	16.646655	NaN	NaN	54.345761	0.000000
81	Spectrogram 1	2	1237.825	1237.940	4000.0	18000.0	10546.9	Trill-twitter	9.680098	18.483250	NaN	NaN	56.489991	0.000000
163	Spectrogram 1	2	1993.430	1993.610	4000.0	18000.0	10351.6	Trill-twitter	14.878613	26.694256	NaN	NaN	121.449144	0.000000
704	Spectrogram 1	1	3774.837	3774.923	4223.0	15878.4	10449.2	Trill-twitter						
45	Spectrogram 1	2	562.820	564.060	4000.0	18000.0	8593.7	Trillphee	8.355671	25.385214	NaN	NaN	96.455405	0.000000
219	Spectrogram 1	2	2519.460	2520.058	4000.0	18000.0	9179.7	Trillphee	7.112276	18.014377	NaN	NaN	78.779060	0.000000
223	Spectrogram 1	3	2543.580	2544.380	4000.0	18000.0	9082.0	Trillphee	11.195058	21.500257	NaN	NaN	102.769066	0.000000
239	Spectrogram 1	3	2673.060	2673.840	4000.0	18000.0	9570.3	Trillphee	10.882656	20.027074	NaN	NaN	90.184194	0.000000
309	Spectrogram 1	3	3415.550	3416.430	4000.0	18000.0	9570.3	Trillphee	11.981530	20.786852	NaN	NaN	101.679701	0.000000
446	Spectrogram 1	2	4928.410	4929.020	4000.0	18000.0	8691.4	Trillphee	5.256863	14.452993	NaN	NaN	77.613300	0.000000
488	Spectrogram 1	4	5624.780	5625.740	4000.0	18000.0	8105.5	Trillphee	7.076374	17.647300	NaN	NaN	52.410268	0.000000
504	Spectrogram 1	1	6023.923	6025.170	4000.0	18000.0	8789.1	Trillphee	6.155333	15.000000	NaN	NaN	120.291166	0.000000
518	Spectrogram 1	1	6402.450	6402.670	4000.0	18000.0	9375.0	Trillphee	10.247844	17.663279	NaN	NaN	101.216828	0.000000
528	Spectrogram 1	2	6469.217	6469.530	4000.0	18000.0	8203.1	Trillphee	11.154827	19.156515	NaN	NaN	91.387068	0.000000
540	Spectrogram 1	1	6568.600	6569.159	4000.0	18000.0	8593.7	Trillphee	12.604367	23.495822	NaN	NaN	124.157786	0.000000
89	Spectrogram 1	2	1239.920	1239.970	4000.0	18000.0	9765.6	Tse	10.413924	17.851454	NaN	NaN	58.504904	0.000000
91	Spectrogram 1	2	1248.320	1248.380	4000.0	18000.0	9570.3	Tse	9.788244	16.478898	NaN	NaN	57.126275	0.000000
92	Spectrogram 1	2	1248.510	1248.580	4000.0	18000.0	8593.7	Tse	9.322342	15.087089	NaN	NaN	48.455439	0.000000
94	Spectrogram 1	2	1248.910	1248.970	4000.0	18000.0	8398.4	Tse	11.566393	17.979114	NaN	NaN	71.916695	0.000000
96	Spectrogram 1	2	1249.270	1249.380	4000.0	18000.0	8398.4	Tse	7.121141	14.904988	NaN	NaN	58.120509	0.000000
101	Spectrogram 1	2	1251.010	1251.080	4000.0	18000.0	8691.4	Tse	8.913512	18.274600	NaN	NaN	55.523002	0.000000
105	Spectrogram 1	2	1255.290	1255.370	4000.0	18000.0	7519.5	Tse	8.894883	15.928662	NaN	NaN	56.667629	0.000000
111	Spectrogram 1	2	1373.660	1373.700	4000.0	18000.0	10839.8	Tse	8.627452	19.830463	NaN	NaN	71.972718	0.000000
112	Spectrogram 1	2	1373.920	1373.970	4000.0	18000.0	10546.9	Tse	9.024496	18.753106	NaN	NaN	71.255505	0.000000
113	Spectrogram 1	2	1374.100	1374.150	4000.0	18000.0	9472.7	Tse	7.166334	15.764200	NaN	NaN	61.895767	0.000000
233	Spectrogram 1	2	2621.440	2621.490	4000.0	18000.0	10058.6	Tse	14.164524	25.135934	NaN	NaN	81.811462	0.000000
315	Spectrogram 1	4	3484.260	3484.330	4000.0	18000.0	8886.7	Tse	10.990303	20.167972	NaN	NaN	87.868722	0.000000
346	Spectrogram 1	2	3697.250	3697.290	4000.0	18000.0	10156.2	Tse	8.935720	18.699300	NaN	NaN	60.954163	0.000000
347	Spectrogram 1	2	3697.940	3697.990	4000.0	18000.0	9765.6	Tse	8.222262	16.296010	NaN	NaN	51.497736	0.000000
348	Spectrogram 1	2	3699.530	3699.570	4000.0	18000.0	9765.6	Tse	10.099384	17.958173	NaN	NaN	66.577725	0.000000
470	Spectrogram 1	3	5501.700	5501.760	4000.0	18000.0	10546.9	Tse	10.877292	21.924972	NaN	NaN	117.663754	0.000000
471	Spectrogram 1	3	5501.810	5501.870	4000.0	18000.0	10644.5	Tse	10.080673	22.104533	NaN	NaN	113.156785	0.000000
472	Spectrogram 1	3	5501.920	5501.970	4000.0	18000.0	10546.9	Tse	8.601338	18.459644	NaN	NaN	103.686144	0.000000
521	Spectrogram 1	1	6419.840	6419.890	4000.0	18000.0	8984.4	Tse	12.782046	19.343121	NaN	NaN	96.996095	0.000000
65	Spectrogram 1	4	920.101	920.138	4000.0	18000.0	9179.7	Twitter	9.045393	16.911250	NaN	NaN	53.771365	0.000000
66	Spectrogram 1	4	920.260	920.314	4000.0	18000.0	7128.9	Twitter	12.484908	26.808237	NaN	NaN	51.684997	0.000000
67	Spectrogram 1	4	920.400	920.475	4000.0	18000.0	6933.6	Twitter	7.508186	19.930009	NaN	NaN	38.430541	0.000000
583	Spectrogram 1	4	920.571	920.621	4393.9	15499.2	6835.9	Twitter						
68	Spectrogram 1	4	920.707	920.770	4000.0	18000.0	6640.6	Twitter	8.419849	19.194175	NaN	NaN	51.881867	0.000000
584	Spectrogram 1	4	920.839	920.908	5300.5	14819.2	6347.7	Twitter						
585	Spectrogram 1	4	920.962	921.024	5527.1	12099.6	6347.7	Twitter						
82	Spectrogram 1	2	1238.070	1238.110	4000.0	18000.0	9668.0	Twitter	10.297645	23.942587	NaN	NaN	61.975562	0.000000
83	Spectrogram 1	2	1238.220	1238.270	4000.0	18000.0	9179.7	Twitter	10.065653	22.596035	NaN	NaN	67.851187	0.000000
84	Spectrogram 1	2	1238.360	1238.410	4000.0	18000.0	8886.7	Twitter	11.056991	23.838830	NaN	NaN	70.044930	0.000000
85	Spectrogram 1	2	1238.500	1238.540	4000.0	18000.0	8984.4	Twitter	13.489764	26.175389	NaN	NaN	82.443966	0.000000
86	Spectrogram 1	2	1238.630	1238.680	4000.0	18000.0	8984.4	Twitter	11.460560	22.967404	NaN	NaN	69.854103	0.000000
87	Spectrogram 1	2	1238.770	1238.820	4000.0	18000.0	8691.4	Twitter	12.595176	25.397473	NaN	NaN	77.976978	0.000000
88	Spectrogram 1	2	1238.900	1238.960	4000.0	18000.0	6445.3	Twitter	12.237975	23.819118	NaN	NaN	85.884996	0.000000
588	Spectrogram 1	2	1239.040	1239.086	6433.7	12779.5	7421.9	Twitter						
589	Spectrogram 1	2	1239.163	1239.201	5980.4	10739.8	7226.6	Twitter						
129	Spectrogram 1	1	1548.583	1548.610	4000.0	18000.0	8300.8	Twitter	9.456071	16.457429	NaN	NaN	53.506919	0.000000
130	Spectrogram 1	1	1548.710	1548.745	4000.0	18000.0	7324.2	Twitter	7.820843	14.906410	NaN	NaN	44.605037	0.000000
590	Spectrogram 1	1	1548.845	1548.887	5527.1	15045.9	7324.2	Twitter						
591	Spectrogram 1	1	1548.979	1549.006	5980.4	15272.5	7226.6	Twitter						
592	Spectrogram 1	1	1549.101	1549.140	5753.8	16405.7	7128.9	Twitter						
593	Spectrogram 1	1	1549.228	1549.266	5980.4	16405.7	7031.2	Twitter						
594	Spectrogram 1	1	1549.343	1549.385	5073.9	15952.4	7128.9	Twitter						
595	Spectrogram 1	1	1549.450	1549.488	6887.0	12552.9	7031.2	Twitter						
596	Spectrogram 1	1	1549.569	1549.607	7340.2	12779.5	7910.2	Twitter						
164	Spectrogram 1	2	1993.720	1993.770	4000.0	18000.0	9375.0	Twitter	12.986401	29.746947	NaN	NaN	91.215017	0.000000
165	Spectrogram 1	2	1993.883	1993.930	4000.0	18000.0	9179.7	Twitter	11.372408	26.214515	NaN	NaN	69.227636	0.000000
599	Spectrogram 1	2	1994.021	1994.073	5300.5	15725.8	8886.7	Twitter						
600	Spectrogram 1	2	1994.154	1994.216	5527.1	16632.3	8886.7	Twitter						
601	Spectrogram 1	2	1994.300	1994.355	5073.9	18898.7	8886.7	Twitter						
166	Spectrogram 1	2	1994.430	1994.490	4000.0	18000.0	7519.5	Twitter	7.336106	20.651499	NaN	NaN	61.496935	0.000000
602	Spectrogram 1	2	1994.566	1994.625	5753.8	14139.3	7226.6	Twitter						
604	Spectrogram 1	2	1994.707	1994.739	5980.4	11646.3	6933.6	Twitter						
232	Spectrogram 1	2	2621.250	2621.330	4000.0	18000.0	10449.2	Twitter	15.902618	26.496828	NaN	NaN	109.722163	0.000000
234	Spectrogram 1	2	2621.600	2621.650	4000.0	18000.0	9082.0	Twitter	13.091772	26.436766	NaN	NaN	73.777189	0.000000
606	Spectrogram 1	2	2621.741	2621.799	5938.5	13271.6	8789.1	Twitter						
235	Spectrogram 1	2	2621.880	2621.945	4000.0	18000.0	8691.4	Twitter	8.327103	19.621846	NaN	NaN	50.102870	0.000000
607	Spectrogram 1	2	2622.020	2622.086	5864.2	13888.9	8496.1	Twitter						
608	Spectrogram 1	2	2622.157	2622.214	5709.9	12654.3	8203.1	Twitter						
236	Spectrogram 1	2	2622.290	2622.330	4000.0	18000.0	7324.2	Twitter	11.824216	19.662393	NaN	NaN	86.486728	0.000000
246	Spectrogram 1	4	2805.490	2805.530	4000.0	18000.0	8984.4	Twitter	8.011355	15.550605	NaN	NaN	56.912775	0.000000
247	Spectrogram 1	4	2805.630	2805.694	4000.0	18000.0	8300.8	Twitter	9.627916	21.896525	NaN	NaN	54.705188	0.000000
609	Spectrogram 1	4	2805.808	2805.857	5709.9	14969.1	8105.5	Twitter						
610	Spectrogram 1	4	2805.941	2806.003	5709.9	15277.8	8300.8	Twitter						
248	Spectrogram 1	4	2806.070	2806.140	4000.0	18000.0	6543.0	Twitter	9.326202	20.647380	NaN	NaN	73.583945	0.000000
289	Spectrogram 1	1	3222.510	3222.600	4000.0	18000.0	10156.2	Twitter	8.236366	14.423129	NaN	NaN	59.966246	0.000000
290	Spectrogram 1	1	3222.821	3222.859	4000.0	18000.0	7519.5	Twitter	6.971392	16.644681	NaN	NaN	52.431289	0.000000
612	Spectrogram 1	1	3222.952	3222.987	6018.5	15277.8	7519.5	Twitter						
613	Spectrogram 1	1	3223.084	3223.118	6635.8	14197.5	7421.9	Twitter						
614	Spectrogram 1	1	3223.212	3223.246	6018.5	14969.1	7421.9	Twitter						
615	Spectrogram 1	1	3223.334	3223.365	5246.9	14814.8	7421.9	Twitter						
616	Spectrogram 1	1	3223.459	3223.496	5709.9	14506.2	7421.9	Twitter						
617	Spectrogram 1	1	3223.571	3223.606	6172.8	13117.3	7421.9	Twitter						
618	Spectrogram 1	1	3223.696	3223.727	6018.5	12037.0	8007.8	Twitter						
620	Spectrogram 1	1	3299.430	3299.448	6944.4	14506.2	7714.8	Twitter						
621	Spectrogram 1	1	3299.552	3299.580	6327.2	16358.0	7324.2	Twitter						
622	Spectrogram 1	1	3299.677	3299.711	6327.2	16203.7	7421.9	Twitter						
623	Spectrogram 1	1	3299.805	3299.839	5555.6	13580.2	7226.6	Twitter						
624	Spectrogram 1	1	3299.927	3299.958	5555.6	14814.8	7226.6	Twitter						
294	Spectrogram 1	1	3300.045	3300.089	4000.0	18000.0	7324.2	Twitter	8.748759	17.138035	NaN	NaN	62.932881	0.000000
625	Spectrogram 1	1	3300.167	3300.198	5555.6	13271.6	7324.2	Twitter						
626	Spectrogram 1	1	3300.277	3300.308	6327.2	10956.8	7128.9	Twitter						
305	Spectrogram 1	1	3402.450	3402.519	4000.0	18000.0	10546.9	Twitter	18.410477	28.628263	NaN	NaN	116.609741	0.000000
306	Spectrogram 1	1	3402.608	3402.645	4000.0	18000.0	8984.4	Twitter	15.733479	22.401648	NaN	NaN	78.806342	0.000000
307	Spectrogram 1	1	3402.740	3402.776	4000.0	18000.0	7519.5	Twitter	10.608093	17.925323	NaN	NaN	58.075484	0.000000
627	Spectrogram 1	1	3402.879	3402.904	6018.5	15586.4	7421.9	Twitter						
628	Spectrogram 1	1	3403.001	3403.035	6018.5	12191.4	7324.2	Twitter						
629	Spectrogram 1	1	3403.126	3403.167	5864.2	14660.5	7226.6	Twitter						
630	Spectrogram 1	1	3403.245	3403.282	5709.9	12808.6	7226.6	Twitter						
631	Spectrogram 1	1	3403.357	3403.401	6790.1	14506.2	7324.2	Twitter						
632	Spectrogram 1	1	3403.479	3403.517	6172.8	13117.3	8007.8	Twitter						
633	Spectrogram 1	1	3403.610	3403.626	7253.1	10030.9	8007.8	Twitter						
316	Spectrogram 1	4	3484.410	3484.480	4000.0	18000.0	7324.2	Twitter	10.900058	23.539109	NaN	NaN	57.163639	0.000000
317	Spectrogram 1	4	3484.550	3484.630	4000.0	18000.0	7324.2	Twitter	10.715892	21.987394	NaN	NaN	54.572101	0.000000
318	Spectrogram 1	4	3484.697	3484.762	4000.0	18000.0	7226.6	Twitter	9.101192	19.482651	NaN	NaN	56.817020	0.000000
634	Spectrogram 1	4	3484.828	3484.912	4938.3	12808.6	6933.6	Twitter						
319	Spectrogram 1	4	3484.970	3485.030	4000.0	18000.0	6835.9	Twitter	12.023741	20.763537	NaN	NaN	82.736825	0.000000
323	Spectrogram 1	1	3506.180	3506.212	4000.0	18000.0	7421.9	Twitter	7.877298	15.297881	NaN	NaN	52.505864	0.000000
635	Spectrogram 1	1	3506.318	3506.340	6481.5	12808.6	7421.9	Twitter						
636	Spectrogram 1	1	3506.440	3506.472	5709.9	12963.0	7226.6	Twitter						
637	Spectrogram 1	1	3506.572	3506.600	5709.9	12191.4	7226.6	Twitter						
638	Spectrogram 1	1	3506.693	3506.722	6018.5	12500.0	7128.9	Twitter						
639	Spectrogram 1	1	3506.803	3506.840	5092.6	12654.3	7031.2	Twitter						
640	Spectrogram 1	1	3506.918	3506.956	6172.8	12808.6	7031.2	Twitter						
641	Spectrogram 1	1	3507.050	3507.078	7561.7	9722.2	8105.5	Twitter						
334	Spectrogram 1	1	3542.832	3542.857	4000.0	18000.0	8886.7	Twitter	7.199823	14.788508	NaN	NaN	50.952842	0.000000
642	Spectrogram 1	1	3542.957	3542.985	6635.8	13117.3	7519.5	Twitter						
643	Spectrogram 1	1	3543.085	3543.113	5709.9	12037.0	7519.5	Twitter						
644	Spectrogram 1	1	3543.217	3543.251	6327.2	12963.0	7421.9	Twitter						
645	Spectrogram 1	1	3543.342	3543.376	6018.5	12191.4	7519.5	Twitter						
646	Spectrogram 1	1	3543.473	3543.501	7098.8	12654.3	8203.1	Twitter						
372	Spectrogram 1	1	3775.149	3775.181	4000.0	18000.0	7519.5	Twitter	7.139541	16.106641	NaN	NaN	48.513079	0.000000
647	Spectrogram 1	1	3775.284	3775.318	5864.2	13734.6	7421.9	Twitter						
648	Spectrogram 1	1	3775.406	3775.450	5709.9	13734.6	7421.9	Twitter						
649	Spectrogram 1	1	3775.540	3775.581	5401.2	14351.9	8691.4	Twitter						
650	Spectrogram 1	1	3775.668	3775.693	5555.6	12191.4	8789.1	Twitter						
651	Spectrogram 1	1	3775.784	3775.818	5246.9	12345.7	8691.4	Twitter						
652	Spectrogram 1	1	3775.900	3775.931	6172.8	11882.7	7031.2	Twitter						
654	Spectrogram 1	1	4056.528	4056.562	6481.5	13734.6	8691.4	Twitter						
655	Spectrogram 1	1	4056.659	4056.684	5864.2	14043.2	7910.2	Twitter						
656	Spectrogram 1	1	4056.784	4056.812	5864.2	13425.9	7714.8	Twitter						
657	Spectrogram 1	1	4056.918	4056.943	5709.9	12654.3	7617.2	Twitter						
658	Spectrogram 1	1	4057.034	4057.062	6481.5	12191.4	7421.9	Twitter						
659	Spectrogram 1	1	4057.153	4057.197	5709.9	12500.0	7421.9	Twitter						
660	Spectrogram 1	1	4057.281	4057.322	6481.5	12500.0	7421.9	Twitter						
661	Spectrogram 1	1	4057.393	4057.431	6481.5	11111.1	8203.1	Twitter						
482	Spectrogram 1	1	5557.510	5557.570	4000.0	18000.0	12109.4	Twitter	7.154938	18.299554	NaN	NaN	51.359168	0.000000
662	Spectrogram 1	1	5557.658	5557.686	7098.8	15277.8	8203.1	Twitter						
663	Spectrogram 1	1	5557.789	5557.811	6327.2	14660.5	7812.5	Twitter						
664	Spectrogram 1	1	5557.917	5557.945	6481.5	13117.3	7421.9	Twitter						
665	Spectrogram 1	1	5558.042	5558.073	6481.5	13271.6	7421.9	Twitter						
666	Spectrogram 1	1	5558.164	5558.195	6172.8	12963.0	7421.9	Twitter						
667	Spectrogram 1	1	5558.289	5558.323	5864.2	14506.2	7421.9	Twitter						
668	Spectrogram 1	1	5558.405	5558.455	5709.9	13271.6	7421.9	Twitter						
669	Spectrogram 1	1	5558.533	5558.564	6327.2	12654.3	7421.9	Twitter						
670	Spectrogram 1	1	5558.639	5558.683	6790.1	11111.1	8203.1	Twitter						
483	Spectrogram 1	1	5582.500	5582.565	4000.0	18000.0	11523.4	Twitter	9.006645	18.557482	NaN	NaN	55.577759	0.000000
672	Spectrogram 1	1	5582.634	5582.668	7098.8	12808.6	8007.8	Twitter						
673	Spectrogram 1	1	5582.765	5582.797	6481.5	12037.0	7617.2	Twitter						
674	Spectrogram 1	1	5582.887	5582.928	5864.2	13271.6	7421.9	Twitter						
675	Spectrogram 1	1	5583.025	5583.053	6327.2	13425.9	7421.9	Twitter						
676	Spectrogram 1	1	5583.137	5583.178	6327.2	13888.9	7421.9	Twitter						
677	Spectrogram 1	1	5583.265	5583.297	6172.8	15277.8	7519.5	Twitter						
678	Spectrogram 1	1	5583.375	5583.418	6327.2	14197.5	8300.8	Twitter						
679	Spectrogram 1	1	5583.506	5583.531	7098.8	10956.8	8105.5	Twitter						
490	Spectrogram 1	1	5695.060	5695.138	4000.0	18000.0	11035.2	Twitter	8.695753	19.917428	NaN	NaN	55.291981	0.000000
680	Spectrogram 1	1	5695.210	5695.242	7407.4	13271.6	8300.8	Twitter						
681	Spectrogram 1	1	5695.320	5695.354	6327.2	13580.2	7714.8	Twitter						
682	Spectrogram 1	1	5695.451	5695.479	5864.2	12345.7	7617.2	Twitter						
683	Spectrogram 1	1	5695.573	5695.607	5709.9	13271.6	7617.2	Twitter						
684	Spectrogram 1	1	5695.695	5695.726	6172.8	12654.3	7519.5	Twitter						
685	Spectrogram 1	1	5695.820	5695.854	6481.5	12654.3	7519.5	Twitter						
686	Spectrogram 1	1	5695.935	5695.973	5709.9	13117.3	7519.5	Twitter						
687	Spectrogram 1	1	5696.051	5696.088	6172.8	10956.8	8300.8	Twitter						
688	Spectrogram 1	1	5696.167	5696.207	6172.8	10493.8	8300.8	Twitter						
705	Spectrogram 1	1	3775.025	3775.043	5912.2	14189.2	8691.4	Twitter						
706	Spectrogram 1	1	3776.033	3776.061	5067.6	12668.9	7910.2	Twitter						
707	Spectrogram 1	1	3506.059	3506.078	6081.1	14020.3	9277.3	Twitter						
708	Spectrogram 1	1	3299.301	3299.319	6925.7	14020.3	9765.6	Twitter						
709	Spectrogram 1	1	3222.699	3222.720	6081.1	14358.1	9179.7	Twitter						
